depth	min95%	max95%	best	acc.rate
1	-169	-33	-92	1.04
2	-167	-32	-91	1.04
3	-164	-32	-90	1.04
4	-161	-31	-89	1.04
5	-158	-30	-88	1.04
6	-155	-30	-87	1.04
7	-152	-29	-86	1.04
8	-149	-29	-85	1.04
9	-146	-28	-84	1.04
10	-144	-27	-83	1.04
11	-141	-27	-82	1.04
12	-139	-26	-81	1.04
13	-136	-26	-80	1.04
14	-133	-25	-79	1.04
15	-131	-25	-78	1.04
16	-128	-24	-77	1.04
17	-125	-23	-76	1.04
18	-123	-23	-75	1.04
19	-120	-22	-73	1.04
20	-118	-22	-72	1.04
21	-115	-21	-71	1.04
22	-112	-20	-70	1.04
23	-110	-20	-69	1.04
24	-107	-19	-68	1.04
25	-104	-19	-67	1.04
26	-102	-18	-66	1.04
27	-99	-17	-65	1.04
28	-96	-17	-64	1.04
29	-94	-16	-63	1.04
30	-91	-16	-62	1.04
31	-89	-15	-61	1.04
32	-86	-15	-60	1.04
33	-83	-14	-59	1.04
34	-81	-13	-58	1.04
35	-78	-13	-57	1.04
36	-75	-12	-56	1.04
37	-73	-12	-55	1.04
38	-70	-11	-54	1.04
39	-68	-10	-53	1.04
40	-65	-10	-52	1.04
41	-62	-9	-51	1.04
42	-60	-9	-50	1.04
43	-58	-8	-49	1.04
44	-57	-7	-48	83.23
45	26	76	36	83.23
46	107	160	119	83.23
47	189	244	202	83.23
48	270	328	285	83.23
49	352	412	369	83.23
50	433	495	452	83.23
51	514	579	535	83.23
52	596	663	618	83.23
53	677	747	702	83.23
54	758	831	785	83.23
55	840	915	868	83.23
56	921	998	951	83.23
57	1002	1082	1034	83.23
58	1084	1166	1118	83.23
59	1165	1250	1201	83.23
60	1246	1334	1284	83.23
61	1327	1417	1367	83.23
62	1409	1501	1451	83.23
63	1490	1585	1534	83.23
64	1571	1669	1617	83.23
65	1653	1753	1700	83.23
66	1734	1836	1783	83.23
67	1815	1920	1867	83.23
68	1896	2004	1950	83.23
69	1978	2088	2033	83.23
70	2059	2172	2116	83.23
71	2140	2256	2200	83.23
72	2222	2341	2283	83.23
73	2303	2425	2366	83.23
74	2384	2510	2449	83.23
75	2466	2595	2532	83.23
76	2547	2680	2616	83.23
77	2628	2764	2699	83.23
78	2709	2849	2782	83.23
79	2791	2934	2865	83.23
80	2872	3018	2949	83.23
81	2953	3103	3032	83.23
82	3034	3188	3115	83.23
83	3116	3273	3198	83.23
84	3197	3358	3282	83.23
85	3278	3443	3365	83.23
86	3360	3528	3448	83.23
87	3441	3613	3531	83.23
88	3522	3697	3614	83.23
89	3604	3781	3698	119.74
90	3725	3900	3817	156.25
91	3887	4053	3974	156.25
92	4046	4207	4130	156.25
93	4205	4361	4286	156.25
94	4365	4516	4442	156.25
95	4524	4672	4599	156.25
96	4682	4827	4755	156.25
97	4841	4983	4911	156.25
98	4999	5139	5067	156.25
99	5156	5292	5224	156.25
100	5313	5449	5380	156.25
101	5468	5607	5536	156.25
102	5624	5762	5692	156.25
103	5778	5919	5849	156.25
104	5932	6077	6005	156.25
105	6083	6235	6161	156.25
106	6232	6394	6317	156.25
107	6384	6552	6474	129.08
108	6513	6682	6603	101.91
109	6618	6781	6705	101.91
110	6722	6881	6807	101.91
111	6827	6981	6908	101.91
112	6932	7080	7010	101.91
113	7037	7180	7112	101.91
114	7143	7279	7214	101.91
115	7249	7378	7316	101.91
116	7355	7478	7418	101.91
117	7460	7577	7520	101.91
118	7565	7677	7622	101.91
119	7669	7778	7724	101.91
120	7772	7877	7826	101.91
121	7875	7977	7928	101.91
122	7979	8077	8029	101.91
123	8083	8176	8131	101.91
124	8186	8277	8233	101.91
125	8289	8377	8335	101.91
126	8394	8478	8437	101.91
127	8498	8578	8539	101.91
128	8601	8678	8641	101.91
129	8703	8778	8743	101.91
130	8806	8879	8845	101.91
131	8909	8980	8947	101.91
132	9013	9081	9049	101.91
133	9116	9182	9150	101.91
134	9217	9283	9252	101.91
135	9318	9386	9354	101.91
136	9419	9487	9456	108.24
137	9526	9595	9564	114.57
138	9641	9709	9679	114.57
139	9755	9824	9794	114.57
140	9871	9939	9908	114.57
141	9983	10053	10023	114.57
142	10095	10169	10137	114.57
143	10209	10285	10252	114.57
144	10320	10401	10366	114.57
145	10432	10517	10481	114.57
146	10541	10633	10596	114.57
147	10651	10749	10710	114.57
148	10760	10866	10825	114.57
149	10869	10984	10939	114.57
150	10977	11101	11054	114.57
151	11086	11219	11168	114.57
152	11195	11335	11283	114.57
153	11304	11453	11398	114.57
154	11413	11571	11512	114.57
155	11522	11689	11627	114.57
156	11631	11807	11741	114.57
157	11741	11924	11856	114.57
158	11851	12041	11970	114.57
159	11960	12158	12085	114.57
160	12070	12276	12200	114.57
161	12179	12394	12314	114.57
162	12289	12511	12429	114.57
163	12398	12629	12543	98.91
164	12497	12727	12642	83.24
165	12589	12812	12725	83.24
166	12680	12899	12809	83.24
167	12764	12987	12892	83.24
168	12847	13080	12975	83.24
169	12935	13175	13058	83.24
170	13017	13269	13142	83.24
171	13094	13369	13225	83.24
172	13171	13467	13308	83.24
173	13243	13567	13391	83.24
174	13314	13665	13475	83.24
175	13387	13766	13558	83.24
176	13456	13867	13641	83.24
177	13528	13967	13724	83.24
178	13597	14066	13808	83.24
179	13667	14164	13891	83.24
180	13736	14261	13974	83.24
181	13805	14357	14057	83.24
182	13876	14458	14141	83.24
183	13944	14559	14224	83.24
184	14013	14661	14307	83.24
185	14079	14762	14390	83.24
186	14146	14860	14473	129.63
187	14269	14996	14603	176.02
188	14448	15166	14779	176.02
189	14627	15337	14955	176.02
190	14805	15511	15131	176.02
191	14983	15685	15307	176.02
192	15163	15857	15483	176.02
193	15343	16029	15659	176.02
194	15522	16201	15835	176.02
195	15702	16375	16011	176.02
196	15882	16548	16187	176.02
197	16061	16721	16363	176.02
198	16241	16894	16539	176.02
199	16420	17067	16715	176.02
200	16599	17240	16891	176.02
201	16776	17413	17067	176.02
202	16956	17586	17243	176.02
203	17135	17759	17419	176.02
204	17314	17933	17595	176.02
205	17492	18106	17772	176.02
206	17671	18280	17948	176.02
207	17850	18454	18124	176.02
208	18029	18627	18300	176.02
209	18207	18801	18476	176.02
210	18386	18975	18652	176.02
211	18565	19149	18828	176.02
212	18742	19324	19004	176.02
213	18921	19497	19180	176.02
214	19100	19670	19356	176.02
215	19277	19843	19532	176.02
220	20164	20708	20412	176.02
225	21049	21575	21292	176.02
230	21935	22442	22172	176.02
235	22816	23316	23052	176.02
240	23696	24188	23932	176.02
245	24580	25059	24812	176.02
250	25461	25934	25693	176.02
255	26342	26809	26573	176.02
260	27220	27682	27453	176.02
265	28098	28567	28333	176.02
270	28970	29452	29213	176.02
275	29845	30348	30093	176.02
280	30720	31245	30973	176.02
285	31589	32133	31853	176.02
290	32457	33026	32733	176.02
295	33316	33924	33614	176.02
300	34086	34728	34406	NA
