depth	min95%	max95%	best	acc.rate
0	128	484	249	33.65
5	316	621	418	33.65
6	353	649	451	33.65
8	428	704	518	33.65
10	502	757	586	33.65
13	613	842	687	33.65
15	687	900	754	33.65
18	791	985	855	33.56
20	856	1044	922	33.34
23	943	1135	1022	32.77
25	997	1195	1087	32.24
28	1073	1284	1183	31.2
30	1122	1340	1245	30.34
33	1195	1423	1334	28.82
35	1239	1477	1391	27.65
38	1303	1551	1472	25.65
40	1343	1597	1523	24.16
43	1390	1661	1593	21.69
44	1407	1680	1615	20.8
47	1462	1734	1674	17.94
48.5	1488	1760	1701	16.67
50	1513	1782	1725	14.8
53	1559	1824	1766	11.62
55	1589	1848	1788	9.72
58	1630	1879	1815	7.21
60	1655	1897	1829	5.77
63	1692	1924	1844	3.95
65	1721	1939	1851	2.97
68	1745	1959	1859	1.84
70	1762	1971	1862	1.32
73	1779	1987	1866	0.88
77	1793	2010	1869	0.93
78	1795	2016	1870	1.06
80	1795	2028	1872	1.45
83	1795	2046	1878	2.23
87	1798	2071	1888	3.25
88	1799	2078	1891	3.5
90	1803	2091	1899	3.98
93	1809	2111	1911	4.69
95	1816	2125	1921	5.15
97	1823	2139	1931	5.6
100	1837	2161	1949	6.25
105	1865	2202	1982	7.29
106	1871	2213	1989	7.49
108	1886	2235	2005	7.88
110	1901	2256	2021	8.26
113	1924	2281	2046	8.81
115	1939	2299	2064	9.17
118	1966	2325	2092	9.68
120	1985	2343	2111	10
123	2016	2371	2142	10.48
125	2038	2394	2163	10.78
128	2071	2426	2196	11.21
130	2092	2446	2218	11.48
133	2128	2477	2253	11.87
135	2153	2498	2277	12.12
138	2189	2530	2314	12.47
140	2215	2551	2339	12.69
143	2256	2580	2377	13
145	2284	2601	2403	13.2
148	2324	2637	2443	13.47
150	2351	2660	2470	13.64
153	2391	2691	2511	13.87
155	2420	2714	2539	14.01
158	2460	2745	2581	14.2
160	2488	2769	2610	14.32
163	2532	2802	2653	14.47
165	2563	2825	2682	14.56
168	2606	2859	2726	14.67
170	2636	2883	2755	14.73
173	2681	2921	2799	14.8
175	2710	2947	2829	14.84
178	2753	2985	2873	14.87
180	2783	3009	2903	14.88
183	2831	3051	2948	14.87
188	2906	3120	3022	14.81
190	2934	3146	3052	14.76
193	2976	3187	3096	14.68
195	3007	3216	3125	14.61
197.5	3046	3252	3162	14.51
200	3082	3288	3198	14.38
203	3127	3330	3241	14.21
205	3156	3360	3269	14.09
208	3199	3401	3311	13.9
210	3228	3429	3339	13.76
213	3270	3470	3380	13.55
215	3298	3497	3407	13.41
218	3335	3538	3447	13.18
220	3361	3564	3473	13.02
223	3399	3605	3512	12.77
225	3425	3632	3538	12.6
228	3464	3672	3575	12.33
230	3489	3697	3600	12.15
233	3526	3734	3636	11.86
235	3547	3759	3659	11.67
238	3584	3797	3694	11.36
240	3603	3821	3717	11.16
243	3633	3856	3750	10.84
245	3654	3878	3772	10.62
248	3679	3910	3803	10.28
250	3697	3931	3823	10.05
253	3723	3960	3853	9.69
255	3738	3980	3872	9.44
258	3759	4008	3900	9.07
260	3777	4026	3918	8.81
263	3798	4053	3945	8.42
265	3811	4068	3961	8.15
268	3829	4091	3985	7.74
270	3842	4106	4001	7.46
273	3860	4126	4023	7.03
275	3873	4138	4036	6.73
278	3891	4157	4056	6.29
280	3903	4169	4069	5.98
283	3919	4184	4086	5.51
285	3930	4194	4097	5.2
288	3945	4207	4112	4.71
290	3955	4216	4121	4.38
293	3969	4230	4134	3.88
295	3978	4236	4142	3.54
298	3991	4244	4152	3.02
300	3999	4248	4158	2.67
303	4010	4254	4165	2.2
305	4017	4256	4169	1.95
308	4027	4260	4175	1.66
310	4034	4264	4178	1.52
315	4053	4273	4185	1.38
318	4064	4277	4189	1.43
320	4072	4280	4192	1.52
323	4084	4285	4197	1.75
325	4093	4290	4201	1.96
328	4105	4298	4207	2.35
330	4112	4305	4212	2.67
333	4121	4312	4220	3.24
335	4128	4317	4227	3.68
338	4140	4328	4239	4.42
340	4151	4334	4248	4.97
343	4167	4348	4264	5.88
345	4180	4358	4276	6.54
348	4202	4372	4297	7.63
350	4217	4383	4312	8.41
353	4246	4406	4339	9.66
355	4266	4421	4358	10.55
358	4309	4455	4391	11.98
360	4339	4481	4416	12.99
363	4383	4526	4456	14.67
365	4414	4560	4486	16.14
368	4464	4623	4537	18.56
370	4499	4665	4575	19.85
373	4557	4732	4636	21.39
375	4593	4776	4680	22.15
378	4651	4847	4747	22.9
380	4692	4894	4793	23.14
383	4755	4967	4862	23.1
385	4797	5013	4908	22.8
388	4861	5083	4976	21.97
390	4903	5127	5020	21.16
393	4966	5189	5082	19.54
395	5006	5223	5120	18.19
397	5043	5254	5156	16.64
400	5096	5293	5203	13.92
405	5171	5337	5262	8.04
408	5206	5346	5282	4.49
410	5217	5348	5290	2.64
418	5212	5345	5284	-4.9
420	5201	5340	5274	-5.34
425	5177	5327	5250	-2.7
428	5167	5327	5245	0.45
430	5166	5330	5247	2.77
435	5174	5362	5273	8.77
436	5176	5373	5282	9.97
438	5193	5399	5303	12.36
440	5213	5423	5329	14.74
445	5302	5501	5413	19.34
448	5372	5557	5473	20.85
450	5418	5599	5514	21.2
455	5540	5699	5619	19.78
458	5604	5752	5676	17.56
460	5640	5783	5711	16.14
465	5714	5845	5784	12.12
468	5748	5871	5817	9.23
470	5768	5885	5835	7.33
475	5809	5914	5867	5.9
478	5827	5936	5885	6.52
480	5840	5952	5898	7.16
485	5871	6005	5939	10.2
488	5885	6044	5972	12.49
490	5896	6073	5997	13.61
495	5928	6149	6069	14.98
498	5950	6201	6114	14.83
500	5965	6234	6143	14.34
510	6042	6392	6274	11.66
515	6084	6463	6330	10.5
520	6127	6525	6381	9.45
528	6191	6605	6451	8.03
530	6206	6622	6467	7.72
535	6245	6660	6504	7.03
540	6286	6694	6538	6.45
545	6331	6721	6569	6
550	6379	6746	6599	5.66
555	6425	6767	6626	5.44
560	6473	6788	6653	5.34
565	6519	6810	6680	5.36
570	6562	6830	6707	5.49
575	6608	6853	6735	5.74
580	6652	6880	6764	6.12
585	6698	6908	6796	6.6
590	6740	6944	6830	7.21
595	6775	6990	6868	7.9
600	6805	7041	6908	8.57
605	6839	7105	6953	9.21
610	6878	7172	7000	9.82
615	6919	7227	7050	10.41
620	6963	7291	7103	10.97
625	7012	7355	7159	11.5
630	7063	7423	7218	12
635	7119	7490	7279	12.48
640	7178	7560	7342	12.93
645	7240	7631	7407	13.35
650	7303	7702	7475	13.74
655	7370	7777	7545	14.11
660	7437	7854	7616	14.45
665	7506	7928	7689	14.76
670	7579	8008	7763	15.05
675	7653	8083	7839	15.3
680	7726	8157	7916	15.53
685	7802	8230	7994	15.73
690	7879	8309	8073	15.91
695	7959	8395	8153	16.06
700	8038	8474	8233	16.18
703	8084	8527	8282	16.23
705	8115	8561	8314	16.27
710	8200	8639	8396	16.33
715	8280	8721	8478	16.37
720	8360	8806	8559	16.38
725	8440	8891	8641	16.36
730	8520	8978	8723	16.32
735	8600	9060	8804	16.25
740	8679	9147	8886	16.15
745	8760	9231	8966	16.02
750	8841	9312	9046	15.86
755	8920	9400	9125	15.68
760	8999	9485	9203	15.47
765	9077	9568	9280	15.24
770	9154	9653	9355	14.97
775	9229	9732	9430	14.68
780	9300	9811	9502	14.36
785	9371	9886	9574	14.01
790	9440	9959	9643	13.64
795	9504	10031	9710	13.24
800	9570	10097	9776	12.81
805	9632	10163	9839	12.38
810	9693	10223	9900	11.96
815	9754	10283	9959	11.54
820	9810	10338	10016	11.14
825	9865	10393	10071	10.76
830	9918	10445	10124	10.38
835	9969	10495	10175	10.01
840	10019	10540	10224	9.65
845	10067	10584	10272	9.31
850	10113	10626	10318	8.98
855	10159	10667	10362	8.65
860	10201	10703	10404	8.34
865	10245	10738	10446	8.04
870	10286	10771	10485	7.75
875	10327	10803	10523	7.47
880	10366	10832	10560	7.2
885	10405	10859	10596	6.95
890	10442	10886	10630	6.7
895	10477	10912	10663	6.47
900	10510	10936	10695	6.24
903	10532	10949	10713	6.11
905	10546	10957	10726	6.03
910	10578	10977	10755	5.83
915	10615	10998	10784	5.64
920	10644	11015	10812	5.46
925	10668	11032	10839	5.29
930	10696	11046	10865	5.13
935	10715	11062	10890	4.99
940	10735	11074	10915	4.85
945	10750	11088	10939	4.73
950	10763	11103	10962	4.61
955	10781	11119	10985	4.51
960	10798	11130	11008	4.42
965	10814	11146	11030	4.34
975	10843	11171	11072	4.21
980	10855	11187	11093	4.16
984	10868	11203	11110	4.14
985	10870	11207	11114	4.13
990	10881	11219	11135	4.1
1000	10904	11258	11176	NA
