280
285
290
295
300
335
340
345
350
360
380
385
390
395
400
405
410
415
420
425
430
435
440
445
450
455
460
465
470
475
485
490
495
500
505
510
515
520
525
530
535
540
545
550
555
560
565
570
575
580
595
600
605
610
615
620
625
630
635
640
645
650
680
685
690
695
700
705
720
725
730
745
755
760
765
770
775
780
785
790
795
805
810
815
820
825
830
835
840
845
850
855
860
865
870
875
880
885
890
895
900
905
910
915
920
925
930
935
940
945
950
980
985
990
995
1000
1005
1010
1015
1020
1025
1030
1035
1040
1045
1050
1055
1060
1070
1075
1080
1085
1095
1100
1105
1110
1115
1120
1125
1130
1140
1145
1150
1155
1160
1165
