"depth"	"constant"	"bad.extra"	"good.extra"	"best.extra"	"stars"
50	0	1	1	1	3
100	0	1	1	1	3
150	0	1	1	1	3
200	0	1	1	1	3
250	0	1	1	1	3
300	0	1	1	1	3
350	0	1	1	1	3
400	0	1	1	1	3
450	0	1	1	1	3
500	0	1	1	1	3
550	0	1	1	1	3
600	0	1	1	1	3
650	0	1	1	1	3
700	0	1	1	1	3
750	0	1	1	1	3
800	0	1	1	1	3
850	0	1	1	1	3
900	0	1	1	1	3
950	0	1	1	1	3
1000	0	1	1	1	3
1050	0	1	1	1	3
1100	0	1	1	1	3
1150	0	1	1	1	3
1200	0	1	1	1	3
1250	0	1	1	1	3
1300	0	1	1	1	3
1350	0	1	1	1	3
1400	0	1	1	1	3
1450	0	1	1	1	3
1500	0	1	1	1	3
1550	0	1	1	1	3
1600	0	1	1	1	3
1650	0	1	1	1	3
1700	0	1	1	1	3
1750	0	1	1	1	3
1800	0	1	1	1	3
1850	0	1	1	1	3
1900	0	1	1	1	3
1950	0	1	1	1	3
2000	0	1	1	1	3
2050	0	1	1	1	3
2100	0	1	1	1	3
2150	0	1	1	1	3
2200	0	1	1	1	3
2250	0	1	1	1	3
2300	0	1	1	1	3
2350	0	1	1	1	3
2400	0	1	1	1	3
2450	0	1	1	1	3
2500	0	1	1	1	3
2550	0	1	1	1	3
2600	0	1	1	1	3
2650	0	1	1	1	3
2700	0	1	1	1	3
2750	0	1	1	1	3
2800	0	1	1	1	3
2850	0	1	1	1	3
2900	0	1	1	1	3
2950	0	1	1	1	3
3000	0	1	1	1	3
3050	0	1	1	1	3
3100	0	1	1	1	3
3150	0	1	1	1	3
3200	0	1	1	1	3
3250	0	1	1	1	3
3300	0	1	1	1	3
3350	0	1	1	1	3
3400	0	1	1	1	3
3450	0	1	1	1	3
3500	0	1	1	1	3
3550	0	1	1	1	3
3600	0	1	1	1	3
3650	0	1	1	1	3
3700	0	1	1	1	3
3750	0	1	1	1	3
3800	0	1	1	1	3
3850	0	1	1	1	3
3900	0	1	1	1	3
3950	0	1	1	1	3
4000	0	1	1	1	3
4050	0	1	1	1	3
4100	0	1	1	1	3
4150	0	1	1	1	3
4200	0	1	1	1	3
4250	0	1	1	1	3
4300	0	1	1	1	3
4350	0	1	1	1	3
4400	0	1	1	1	3
4450	0	1	1	1	3
4500	0	1	1	1	3
4550	0	1	1	1	3
4600	0	1	1	1	3
4650	0	1	1	1	3
4700	0	1	1	1	3
4750	0	1	1	1	3
4800	0	1	1	1	3
4850	0	1	1	1	3
4900	0	1	1	1	3
4950	0	1	1	1	3
5000	0	1	1	1	3
5050	0	1	1	1	3
5100	0	1	1	1	3
5150	0	1	1	1	3
5200	0	1	1	1	3
5250	0	1	1	1	3
5300	0	1	1	1	3
5350	0	1	1	1	3
5400	0	1	1	1	3
5450	0	1	1	1	3
5500	0	1	1	1	3
5550	0	1	1	1	3
5600	0	1	1	1	3
5650	0	1	1	1	3
5700	0	1	1	1	3
5750	0	1	1	1	3
5800	0	1	1	1	3
5850	0	1	1	1	3
5900	0	1	1	1	3
5950	0	1	1	1	3
6000	0	1	1	1	3
6050	0	1	1	1	3
6100	0	1	1	1	3
6150	0	1	1	1	3
6200	0	1	1	1	3
6250	0	1	1	1	3
6300	0	1	1	1	3
6350	0	1	1	1	3
6400	0	1	1	1	3
6450	0	1	1	1	3
6500	1	1	1	1	4
6550	1	1	1	1	4
6600	1	1	1	1	4
6650	1	1	1	1	4
6700	1	1	1	1	4
6750	1	1	1	1	4
6800	1	1	1	1	4
6850	1	1	1	1	4
6900	1	1	1	1	4
6950	1	1	1	1	4
7000	1	1	1	1	4
7050	1	1	1	1	4
7100	1	1	1	1	4
7150	1	1	1	1	4
7200	1	1	1	1	4
7250	1	1	1	1	4
7300	1	1	1	1	4
7350	1	1	1	1	4
7400	1	1	1	1	4
7450	1	1	1	1	4
7500	1	1	1	1	4
7550	1	1	1	1	4
7600	1	1	1	1	4
7650	1	1	1	1	4
7700	1	1	1	1	4
7750	1	1	1	1	4
7800	1	1	1	1	4
7850	0	1	1	1	3
7900	0	1	1	1	3
7950	0	1	1	1	3
8000	0	1	1	1	3
8050	0	1	1	1	3
8100	0	1	1	1	3
8150	0	1	1	1	3
8200	0	1	1	1	3
8250	0	1	1	1	3
8300	0	1	1	0	2
8350	0	1	1	0	2
8400	0	1	1	0	2
8450	0	1	1	0	2
8500	0	1	1	0	2
8550	0	1	1	0	2
8600	0	1	0	0	1
8650	0	1	0	0	1
8700	0	1	0	0	1
8750	0	1	0	0	1
8800	0	1	0	0	1
8850	0	1	0	0	1
8900	0	1	1	1	3
8950	0	1	1	1	3
9000	0	1	1	1	3
9050	0	1	1	1	3
9100	0	1	1	1	3
9150	0	1	1	1	3
9200	0	1	1	1	3
9250	1	1	1	1	4
9300	1	1	1	1	4
9350	1	1	1	1	4
9400	1	1	1	0	3
9450	1	1	1	0	3
9500	1	1	1	0	3
9550	1	1	0	0	2
9600	1	1	0	0	2
9650	1	1	0	0	2
9700	1	1	0	0	2
9750	1	1	0	0	2
9800	1	1	0	0	2
9850	1	1	1	1	4
9900	1	1	1	1	4
9950	1	1	1	1	4
10000	1	1	1	1	4
10050	1	1	1	1	4
10100	1	1	1	1	4
10150	1	1	1	1	4
10200	1	1	1	1	4
10250	1	1	1	1	4
10300	1	1	1	1	4
10350	1	1	1	1	4
10400	1	1	1	1	4
10450	1	1	1	1	4
10500	1	1	1	0	3
10550	1	1	1	0	3
10600	1	1	0	0	2
10650	1	1	0	0	2
10700	1	1	0	0	2
10750	1	1	0	0	2
10800	1	0	0	0	1
10850	1	0	0	0	1
10900	1	0	0	0	1
10950	1	0	0	0	1
11000	1	0	0	0	1
11050	1	0	0	0	1
11100	1	0	0	0	1
11150	1	0	0	0	1
11200	1	0	0	0	1
11250	1	0	0	0	1
11300	1	0	0	0	1
11350	1	0	0	0	1
11400	1	0	0	0	1
11450	1	0	0	0	1
11500	1	0	0	0	1
11550	1	0	0	0	1
11600	1	0	0	0	1
11650	1	0	0	0	1
11700	1	0	0	0	1
11750	1	0	0	0	1
11800	1	0	0	0	1
11850	1	0	0	0	1
11900	1	0	0	0	1
11950	1	0	0	0	1
12000	1	0	0	0	1
12050	1	0	0	0	1
12100	1	0	0	0	1
12150	1	0	0	0	1
12200	1	0	0	0	1
12250	1	0	0	0	1
12300	1	0	0	0	1
12350	1	0	0	0	1
12400	1	0	0	0	1
12450	1	0	0	0	1
12500	1	0	0	0	1
12550	1	0	0	0	1
12600	1	0	0	0	1
12650	1	0	0	0	1
12700	1	0	0	0	1
12750	1	1	0	0	2
12800	1	1	0	0	2
12850	1	1	0	0	2
12900	1	1	1	1	4
12950	1	1	1	1	4
13000	1	1	1	1	4
13050	0	1	1	1	3
13100	0	1	1	0	2
13150	0	1	1	0	2
13200	0	1	0	0	1
