"depth"	"constant"	"bad.extra"	"good.extra"	"best.extra"	"stars"
0	0	1	1	1	3
2	0	1	1	1	3
4	0	1	1	1	3
6	0	1	1	1	3
8	0	1	1	1	3
10	0	1	1	1	3
12	0	1	1	1	3
14	0	1	1	1	3
16	0	1	1	1	3
18	0	1	1	1	3
20	0	1	1	1	3
22	0	1	1	1	3
24	0	1	1	1	3
26	0	1	1	1	3
28	0	1	1	1	3
30	0	1	1	1	3
32	0	1	1	1	3
34	0	1	1	1	3
36	0	1	1	1	3
38	0	1	1	1	3
40	0	1	1	1	3
42	0	1	1	1	3
44	1	1	1	1	4
46	1	1	1	1	4
48	1	1	1	1	4
50	1	1	1	1	4
55	1	1	1	1	4
60	1	1	1	1	4
65	1	1	1	1	4
70	1	1	1	1	4
75	1	1	1	1	4
80	1	1	1	1	4
85	1	1	1	1	4
90	1	1	1	1	4
95	1	1	1	1	4
100	1	1	1	1	4
105	1	1	1	1	4
110	1	1	1	1	4
115	1	1	1	1	4
120	1	1	1	1	4
125	1	1	1	1	4
130	1	1	1	1	4
135	1	1	1	1	4
140	1	1	1	1	4
145	1	1	1	1	4
150	1	1	1	1	4
155	1	1	1	1	4
160	1	1	1	1	4
165	1	1	1	1	4
170	1	1	1	1	4
175	1	1	1	1	4
180	1	1	1	1	4
185	1	1	1	1	4
190	1	1	1	1	4
195	1	1	1	1	4
200	1	1	1	1	4
205	1	1	1	1	4
210	1	1	1	1	4
215	1	1	1	1	4
220	1	1	1	1	4
225	1	1	1	1	4
230	1	1	1	1	4
235	1	1	1	1	4
240	1	1	1	1	4
245	1	1	1	1	4
250	1	1	1	1	4
255	1	1	1	1	4
260	1	1	1	1	4
265	1	1	1	1	4
270	1	1	1	1	4
275	1	1	1	1	4
280	1	1	1	1	4
285	1	1	1	1	4
290	1	1	1	1	4
295	1	1	1	1	4
300	1	1	1	1	4
305	1	1	1	1	4
310	1	1	1	1	4
315	1	1	1	1	4
320	1	1	1	1	4
325	1	1	1	1	4
330	1	1	1	1	4
335	1	1	1	1	4
340	1	1	1	1	4
345	1	1	1	1	4
350	1	1	1	1	4
355	1	1	1	1	4
360	1	1	1	1	4
365	1	1	1	1	4
370	1	1	1	1	4
375	1	1	1	1	4
380	1	1	1	1	4
385	1	1	1	1	4
390	1	1	1	1	4
395	1	1	1	1	4
400	1	1	1	1	4
405	1	1	1	1	4
410	1	1	1	1	4
415	1	1	1	1	4
420	1	1	1	1	4
425	1	1	1	1	4
430	1	1	1	1	4
435	1	1	1	1	4
440	1	1	1	1	4
445	1	1	1	1	4
450	1	1	1	1	4
455	1	1	1	1	4
460	1	1	1	1	4
465	1	1	1	1	4
470	1	1	1	1	4
475	1	1	1	1	4
480	1	1	1	1	4
485	1	1	1	1	4
490	1	1	1	1	4
495	1	1	1	1	4
500	1	1	1	1	4
505	1	1	1	1	4
510	1	1	1	1	4
515	1	1	1	1	4
520	1	1	1	1	4
525	1	1	1	1	4
530	1	1	1	1	4
535	1	1	1	1	4
540	1	1	1	1	4
545	1	1	1	1	4
550	1	1	1	1	4
555	1	1	1	1	4
560	1	1	1	1	4
565	1	1	1	1	4
570	1	1	1	1	4
575	1	1	1	1	4
580	1	1	1	1	4
585	1	1	1	1	4
590	1	1	1	1	4
595	1	1	1	1	4
600	1	1	1	1	4
605	1	1	1	1	4
610	1	1	1	1	4
615	1	1	1	1	4
620	1	1	1	1	4
625	1	1	1	1	4
630	1	1	1	1	4
635	1	1	1	1	4
640	1	1	1	1	4
645	1	1	1	1	4
650	1	1	1	1	4
655	1	1	1	1	4
660	1	1	1	1	4
665	1	1	1	1	4
670	1	1	1	1	4
675	1	1	1	1	4
680	1	1	1	1	4
685	1	1	1	1	4
690	1	1	1	1	4
695	1	1	1	1	4
700	1	1	1	1	4
705	1	1	1	1	4
710	1	1	1	1	4
715	1	1	1	1	4
720	1	1	1	1	4
725	1	1	1	1	4
730	1	1	1	1	4
735	1	1	1	1	4
740	1	1	1	1	4
745	1	1	1	1	4
750	1	1	1	1	4
755	1	1	1	1	4
760	1	1	1	1	4
765	1	1	1	1	4
770	1	1	1	1	4
775	1	1	1	1	4
780	1	1	1	1	4
785	1	1	1	1	4
790	1	1	1	1	4
795	1	1	1	1	4
800	1	1	1	1	4
805	1	1	1	1	4
810	1	1	1	1	4
815	1	1	1	1	4
820	1	1	1	1	4
825	1	1	1	1	4
830	1	1	1	1	4
835	1	1	1	1	4
840	1	1	1	1	4
845	1	1	1	1	4
850	1	1	1	1	4
855	1	1	1	1	4
860	1	1	1	1	4
865	1	1	1	0	3
870	1	1	1	0	3
875	1	1	1	0	3
880	1	1	0	0	2
885	1	1	0	0	2
890	1	1	0	0	2
895	1	1	1	1	4
900	1	1	1	1	4
905	1	1	1	1	4
910	1	1	1	1	4
915	1	1	1	1	4
920	1	1	1	1	4
925	1	1	1	1	4
930	1	1	1	0	3
935	1	1	1	0	3
940	1	1	0	0	2
945	1	1	0	0	2
950	1	1	0	0	2
955	1	1	0	0	2
960	1	1	0	0	2
965	1	0	0	0	1
970	1	0	0	0	1
975	1	0	0	0	1
980	1	0	0	0	1
985	1	0	0	0	1
990	1	1	0	0	2
995	1	1	0	0	2
1000	1	1	0	0	2
1005	1	1	0	0	2
1010	1	1	0	0	2
1015	1	1	1	1	4
1020	1	1	1	1	4
1025	1	1	1	1	4
1030	1	1	1	1	4
1035	1	1	1	1	4
1040	0	1	1	1	3
1045	0	1	1	1	3
1050	0	1	1	1	3
1055	0	1	1	1	3
1060	0	1	1	1	3
1065	0	1	1	1	3
1070	0	1	1	1	3
1075	0	1	1	1	3
1080	0	1	1	1	3
1085	0	1	1	1	3
1090	0	1	1	1	3
1095	0	1	1	1	3
1100	0	1	1	1	3
1105	0	1	1	1	3
1110	0	1	1	1	3
1115	0	1	1	1	3
1120	0	1	1	1	3
1125	0	1	1	1	3
1130	0	1	1	1	3
1135	0	1	1	1	3
1140	0	1	1	1	3
1145	0	1	1	1	3
1150	0	1	1	1	3
1155	0	1	1	1	3
1160	0	1	1	1	3
1165	0	1	1	1	3
1170	0	1	1	1	3
1175	0	1	1	1	3
1180	0	1	1	1	3
1185	0	1	1	1	3
1190	0	1	1	1	3
1195	0	1	1	1	3
1200	0	1	1	1	3
1205	0	1	1	1	3
1210	0	1	1	1	3
1215	0	1	1	1	3
1220	0	1	1	1	3
1225	0	1	1	1	3
1230	0	1	1	1	3
1235	0	1	1	1	3
1240	0	1	1	1	3
1245	0	1	1	1	3
1250	0	1	1	0	2
1255	0	1	1	0	2
1260	0	1	0	0	1
1265	0	1	0	0	1
1270	0	1	0	0	1
1275	0	1	0	0	1
1280	0	1	0	0	1
1285	0	1	1	1	3
1290	0	1	1	1	3
1295	0	1	1	1	3
1300	0	1	1	1	3
1305	0	1	1	1	3
1310	0	1	1	1	3
1315	0	1	1	1	3
1320	0	1	1	1	3
1325	0	1	1	0	2
1330	0	1	1	0	2
1335	0	1	0	0	1
1340	0	1	0	0	1
1345	0	1	0	0	1
1350	0	1	0	0	1
1355	0	1	0	0	1
1360	0	0	0	0	0
1365	0	0	0	0	0
1370	0	0	0	0	0
1375	0	0	0	0	0
1380	0	1	0	0	1
1385	0	1	0	0	1
1390	0	1	0	0	1
1395	0	1	0	0	1
1400	0	1	0	0	1
1405	0	1	1	1	3
1410	0	1	1	1	3
1415	0	1	1	1	3
1420	0	1	1	1	3
1425	0	1	1	1	3
1430	0	1	1	1	3
