"depth"	"constant"	"bad.extra"	"good.extra"	"best.extra"	"stars"
280	0	1	0	0	1
285	0	1	0	0	1
290	0	1	0	0	1
295	0	1	0	0	1
300	0	1	1	1	3
335	0	1	1	1	3
340	0	1	1	1	3
345	0	1	1	1	3
350	0	1	1	1	3
360	0	1	1	1	3
380	0	1	1	1	3
385	0	1	1	1	3
390	0	1	1	1	3
395	0	1	1	1	3
400	0	1	1	1	3
405	0	1	1	1	3
410	0	1	1	1	3
415	0	1	1	1	3
420	0	1	1	1	3
425	0	1	1	1	3
430	0	1	1	1	3
435	0	1	1	1	3
440	0	1	1	1	3
445	0	1	1	1	3
450	0	1	1	1	3
455	0	1	1	1	3
460	0	1	1	1	3
465	0	1	1	1	3
470	0	1	1	1	3
475	0	1	1	1	3
485	1	1	1	1	4
490	1	1	1	1	4
495	1	1	1	1	4
500	1	1	1	1	4
505	1	1	1	1	4
510	1	1	1	0	3
515	1	1	0	0	2
520	1	1	1	1	4
525	1	1	1	0	3
530	1	1	0	0	2
535	1	1	0	0	2
540	1	1	1	1	4
545	1	1	1	1	4
550	1	1	1	0	3
555	1	1	0	0	2
560	1	1	0	0	2
565	1	0	0	0	1
570	1	0	0	0	1
575	1	1	0	0	2
580	1	1	0	0	2
595	1	1	0	0	2
600	1	1	1	1	4
605	1	1	1	1	4
610	1	1	1	1	4
615	1	1	1	1	4
620	1	1	1	1	4
625	1	1	1	1	4
630	1	1	1	1	4
635	1	1	1	1	4
640	1	1	1	1	4
645	1	1	1	1	4
650	1	1	1	1	4
680	1	1	1	1	4
685	1	1	1	1	4
690	1	1	1	1	4
695	1	1	1	1	4
700	1	1	1	1	4
705	1	1	1	1	4
720	1	1	0	0	2
725	1	1	0	0	2
730	1	1	0	0	2
745	1	0	0	0	1
755	1	0	0	0	1
760	1	0	0	0	1
765	1	0	0	0	1
770	1	0	0	0	1
775	1	0	0	0	1
780	1	0	0	0	1
785	1	0	0	0	1
790	1	0	0	0	1
795	1	0	0	0	1
805	1	0	0	0	1
810	1	0	0	0	1
815	1	0	0	0	1
820	1	0	0	0	1
825	1	0	0	0	1
830	1	0	0	0	1
835	1	0	0	0	1
840	1	0	0	0	1
845	1	0	0	0	1
850	1	0	0	0	1
855	1	0	0	0	1
860	1	0	0	0	1
865	1	0	0	0	1
870	1	1	0	0	2
875	1	1	0	0	2
880	1	1	0	0	2
885	1	1	1	1	4
890	1	1	1	1	4
895	1	1	1	1	4
900	1	1	1	1	4
905	1	1	1	1	4
910	1	1	1	0	3
915	1	1	1	0	3
920	1	1	0	0	2
925	1	1	0	0	2
930	1	1	0	0	2
935	1	0	0	0	1
940	1	0	0	0	1
945	1	0	0	0	1
950	1	0	0	0	1
980	1	0	0	0	1
985	1	0	0	0	1
990	1	0	0	0	1
995	1	0	0	0	1
1000	1	0	0	0	1
1005	1	0	0	0	1
1010	1	0	0	0	1
1015	1	0	0	0	1
1020	1	0	0	0	1
1025	1	0	0	0	1
1030	1	1	0	0	2
1035	1	1	0	0	2
1040	1	1	0	0	2
1045	1	1	1	1	4
1050	0	1	1	1	3
1055	0	1	1	1	3
1060	0	1	1	1	3
1070	0	1	1	0	2
1075	0	1	1	0	2
1080	0	1	0	0	1
1085	0	1	0	0	1
1095	0	0	0	0	0
1100	0	0	0	0	0
1105	0	0	0	0	0
1110	0	0	0	0	0
1115	0	0	0	0	0
1120	0	0	0	0	0
1125	0	0	0	0	0
1130	0	0	0	0	0
1140	0	0	0	0	0
1145	0	0	0	0	0
1150	0	0	0	0	0
1155	0	0	0	0	0
1160	0	0	0	0	0
1165	0	0	0	0	0
1170	0	0	0	0	0
1175	0	0	0	0	0
1185	0	0	0	0	0
1190	0	0	0	0	0
1195	0	0	0	0	0
1200	0	0	0	0	0
1205	0	0	0	0	0
1210	0	0	0	0	0
1215	0	0	0	0	0
1220	0	0	0	0	0
1225	0	0	0	0	0
1230	0	0	0	0	0
1235	0	0	0	0	0
1240	0	0	0	0	0
1245	0	0	0	0	0
1250	0	0	0	0	0
1255	0	0	0	0	0
1260	0	0	0	0	0
1265	0	0	0	0	0
1270	0	0	0	0	0
1275	0	0	0	0	0
1280	0	0	0	0	0
1285	0	0	0	0	0
1290	0	0	0	0	0
1295	0	0	0	0	0
1300	0	0	0	0	0
1305	0	0	0	0	0
1310	0	0	0	0	0
1315	0	0	0	0	0
1320	0	0	0	0	0
1325	0	0	0	0	0
1330	0	0	0	0	0
1335	0	0	0	0	0
1340	0	0	0	0	0
1345	0	0	0	0	0
1350	0	0	0	0	0
1355	0	0	0	0	0
1360	0	0	0	0	0
1370	0	0	0	0	0
1380	0	0	0	0	0
1390	0	0	0	0	0
1400	0	0	0	0	0
1410	0	0	0	0	0
1420	0	0	0	0	0
1430	0	0	0	0	0
1440	0	0	0	0	0
1450	0	0	0	0	0
1460	0	0	0	0	0
1470	0	0	0	0	0
1480	0	0	0	0	0
1490	0	0	0	0	0
1500	0	0	0	0	0
1510	0	0	0	0	0
1520	0	0	0	0	0
1530	0	0	0	0	0
1540	0	0	0	0	0
1550	0	0	0	0	0
1560	0	0	0	0	0
1570	0	0	0	0	0
1580	0	0	0	0	0
1590	0	0	0	0	0
1600	0	0	0	0	0
1610	0	0	0	0	0
1620	0	0	0	0	0
1630	0	0	0	0	0
1640	0	0	0	0	0
1650	0	0	0	0	0
1660	0	0	0	0	0
1670	0	0	0	0	0
1680	0	0	0	0	0
1690	0	0	0	0	0
1700	0	0	0	0	0
1710	0	0	0	0	0
1720	0	0	0	0	0
1730	0	0	0	0	0
1740	0	0	0	0	0
1750	0	0	0	0	0
1760	0	0	0	0	0
