157
163
169
175
181
187
193
199
205
211
217
223
229
235
241
247
253
259
265
271
277
283
289
295
301
307
313
319
325
331
337
343
349
355
361
367
373
379
385
391
397
403
409
415
421
427
433
439
445
451
457
463
469
475
481
487
493
499
505
511
517
523
529
535
541
547
553
559
565
571
577
583
589
595
601
607
613
619
625
631
637
643
649
655
661
667
673
679
685
691
696
702
708
714
720
726
732
738
744
750
756
762
768
774
780
786
792
798
804
810
816
822
828
834
840
846
852
858
864
870
876
882
888
894
900
906
912
918
924
930
936
942
948
954
960
966
972
978
984
990
996
