depth	min95%	max95%	best	acc.rate
0	-7293	-5868	-6570	49.36
1	-7240	-5822	-6521	49.36
2	-7188	-5775	-6472	49.36
3	-7136	-5729	-6422	49.36
4	-7084	-5682	-6373	49.36
5	-7031	-5636	-6323	49.36
6	-6979	-5589	-6274	49.36
7	-6927	-5543	-6225	49.36
8	-6874	-5496	-6175	49.36
9	-6822	-5450	-6126	49.36
10	-6770	-5403	-6077	49.36
11	-6718	-5357	-6027	49.36
12	-6665	-5310	-5978	49.36
13	-6613	-5264	-5929	49.36
14	-6561	-5217	-5879	49.36
15	-6509	-5171	-5830	49.36
16	-6456	-5125	-5781	49.36
17	-6404	-5078	-5731	49.36
18	-6352	-5031	-5682	49.36
19	-6299	-4985	-5632	49.36
20	-6247	-4938	-5583	49.36
21	-6195	-4892	-5534	49.36
22	-6143	-4845	-5484	49.36
23	-6090	-4799	-5435	49.36
24	-6038	-4752	-5386	49.36
25	-5986	-4705	-5336	49.36
26	-5934	-4659	-5287	49.36
27	-5881	-4612	-5238	49.36
28	-5829	-4566	-5188	49.36
29	-5777	-4519	-5139	49.36
30	-5724	-4473	-5090	49.36
31	-5672	-4426	-5040	49.36
32	-5620	-4380	-4991	49.36
33	-5568	-4333	-4941	49.36
34	-5515	-4287	-4892	49.36
35	-5463	-4240	-4843	49.36
36	-5411	-4193	-4793	49.36
37	-5359	-4147	-4744	49.36
38	-5306	-4100	-4695	49.36
39	-5254	-4053	-4645	49.36
40	-5202	-4007	-4596	49.36
41	-5149	-3960	-4547	49.36
42	-5097	-3914	-4497	49.36
43	-5045	-3867	-4448	49.36
44	-4993	-3821	-4399	49.36
45	-4940	-3774	-4349	49.36
46	-4888	-3727	-4300	49.36
47	-4836	-3681	-4250	49.36
48	-4783	-3634	-4201	49.36
49	-4731	-3588	-4152	49.36
50	-4679	-3541	-4102	49.36
51	-4627	-3495	-4053	49.36
52	-4574	-3448	-4004	49.36
53	-4522	-3402	-3954	49.36
54	-4470	-3355	-3905	49.36
55	-4417	-3308	-3856	49.36
56	-4365	-3262	-3806	49.36
57	-4313	-3215	-3757	49.36
58	-4261	-3168	-3708	49.36
59	-4208	-3122	-3658	49.36
60	-4156	-3075	-3609	49.36
61	-4104	-3029	-3559	49.36
62	-4051	-2982	-3510	49.36
63	-3999	-2936	-3461	49.36
64	-3947	-2889	-3411	49.36
65	-3895	-2843	-3362	49.36
66	-3842	-2796	-3313	49.36
67	-3790	-2750	-3263	49.36
68	-3737	-2703	-3214	49.36
69	-3685	-2657	-3165	49.36
70	-3632	-2610	-3115	49.36
71	-3580	-2564	-3066	49.36
72	-3527	-2518	-3017	49.36
73	-3475	-2471	-2967	49.36
74	-3422	-2424	-2918	49.36
75	-3370	-2377	-2868	49.36
76	-3317	-2330	-2819	49.36
77	-3265	-2283	-2770	49.36
78	-3212	-2236	-2720	49.36
79	-3160	-2188	-2671	49.36
80	-3107	-2142	-2622	49.36
81	-3055	-2095	-2572	49.36
82	-3002	-2049	-2523	49.36
83	-2950	-2002	-2474	49.36
84	-2897	-1956	-2424	49.36
85	-2845	-1909	-2375	49.36
86	-2792	-1863	-2326	49.36
87	-2739	-1816	-2276	49.36
88	-2687	-1770	-2227	49.36
89	-2635	-1723	-2177	49.36
90	-2583	-1676	-2128	49.36
91	-2531	-1629	-2079	49.36
92	-2479	-1583	-2029	49.36
93	-2427	-1536	-1980	49.36
94	-2375	-1489	-1931	49.36
95	-2323	-1442	-1881	49.36
96	-2271	-1395	-1832	49.36
97	-2219	-1349	-1783	49.36
98	-2167	-1302	-1733	49.36
99	-2115	-1255	-1684	49.36
100	-2063	-1208	-1635	49.36
101	-2011	-1162	-1585	49.36
102	-1959	-1115	-1536	49.36
103	-1907	-1069	-1486	49.36
104	-1855	-1022	-1437	49.36
105	-1803	-976	-1388	49.36
106	-1751	-930	-1338	49.36
107	-1699	-883	-1289	49.36
108	-1647	-837	-1240	49.36
109	-1595	-790	-1190	49.36
110	-1542	-744	-1141	49.36
111	-1490	-698	-1092	49.36
112	-1438	-651	-1042	49.36
113	-1386	-605	-993	49.36
114	-1333	-558	-944	49.36
115	-1281	-512	-894	49.36
116	-1229	-466	-845	49.36
117	-1177	-419	-795	49.36
118	-1124	-373	-746	49.36
119	-1072	-326	-697	49.36
120	-1020	-280	-647	49.36
121	-968	-234	-598	49.36
122	-916	-187	-549	49.36
123	-864	-141	-499	49.36
124	-812	-94	-450	49.36
125	-760	-48	-401	49.36
126	-708	-2	-351	49.36
127	-656	45	-302	49.36
128	-604	91	-253	49.36
129	-552	138	-203	49.36
130	-500	184	-154	49.36
131	-448	231	-104	49.36
132	-396	278	-55	49.36
133	-344	325	-6	49.36
134	-292	371	44	49.36
135	-240	418	93	49.36
136	-188	464	142	49.36
137	-136	510	192	49.36
138	-84	557	241	49.36
139	-32	603	290	49.36
140	20	650	340	49.36
141	72	696	389	49.36
142	124	743	438	49.36
143	176	790	488	49.36
144	228	836	537	49.36
145	281	883	587	49.36
146	333	930	636	49.36
147	386	978	685	49.36
148	439	1025	735	49.36
149	491	1072	784	49.36
150	544	1119	833	49.36
151	596	1166	883	49.36
152	647	1213	932	49.36
153	699	1259	981	49.36
154	751	1305	1031	49.36
155	803	1353	1080	49.36
156	855	1400	1129	49.36
157	906	1447	1179	49.36
158	958	1494	1228	49.36
159	1010	1540	1278	49.36
160	1062	1587	1327	49.36
161	1113	1634	1376	49.36
162	1165	1681	1426	49.36
163	1217	1727	1475	49.36
164	1269	1774	1524	49.36
165	1321	1820	1574	49.36
166	1373	1867	1623	49.36
167	1425	1913	1672	49.36
168	1477	1960	1722	49.36
169	1529	2007	1771	49.36
170	1581	2055	1820	49.36
171	1633	2101	1870	49.36
172	1685	2148	1919	49.36
173	1737	2195	1969	49.36
174	1788	2241	2018	49.36
175	1840	2288	2067	49.36
176	1892	2334	2117	49.36
177	1944	2381	2166	49.36
178	1995	2429	2215	49.36
179	2046	2476	2265	49.36
180	2098	2524	2314	49.36
181	2150	2571	2363	49.36
182	2202	2618	2413	49.36
183	2253	2665	2462	49.36
184	2305	2712	2511	49.36
185	2357	2759	2561	49.36
186	2409	2806	2610	49.36
187	2461	2852	2659	49.36
188	2512	2899	2709	49.36
189	2562	2946	2758	49.36
190	2614	2993	2808	49.36
191	2666	3041	2857	49.36
192	2717	3089	2906	49.36
193	2769	3136	2956	49.36
194	2820	3184	3005	49.36
195	2872	3231	3054	49.36
196	2922	3279	3104	49.36
197	2974	3327	3153	49.36
198	3025	3375	3202	49.36
199	3076	3422	3252	49.36
200	3126	3470	3301	49.36
201	3177	3517	3350	49.36
202	3228	3565	3400	49.36
203	3279	3612	3449	49.36
204	3330	3660	3499	49.36
205	3382	3708	3548	49.36
206	3434	3755	3597	49.36
207	3485	3802	3647	49.36
208	3535	3851	3696	49.36
209	3586	3899	3745	49.36
210	3637	3947	3795	49.36
211	3687	3996	3844	49.36
212	3738	4044	3893	49.36
213	3789	4093	3943	49.36
214	3840	4142	3992	49.36
215	3890	4189	4041	49.36
216	3941	4238	4091	49.36
217	3991	4286	4140	49.36
218	4042	4334	4190	49.36
219	4094	4383	4239	49.36
220	4145	4432	4288	49.36
221	4194	4480	4338	49.36
222	4244	4528	4387	49.36
223	4295	4576	4436	49.36
224	4347	4625	4486	49.36
225	4398	4675	4535	49.36
226	4449	4723	4584	49.36
227	4499	4771	4634	49.36
228	4550	4820	4683	49.36
229	4602	4869	4732	49.36
230	4654	4917	4782	49.36
231	4705	4966	4831	49.36
232	4755	5015	4881	49.36
233	4805	5063	4930	49.36
234	4856	5112	4979	49.36
235	4906	5159	5029	49.36
236	4956	5206	5078	49.36
237	5006	5255	5127	49.36
238	5056	5304	5177	49.36
239	5106	5353	5226	49.36
240	5156	5402	5275	49.36
241	5207	5451	5325	49.36
242	5257	5500	5374	49.36
243	5308	5548	5423	49.36
244	5358	5598	5473	49.36
245	5409	5647	5522	49.36
246	5458	5696	5572	49.36
247	5509	5746	5621	49.36
248	5558	5795	5670	49.36
249	5609	5844	5720	49.36
250	5659	5894	5769	49.36
251	5709	5944	5818	49.36
252	5759	5994	5868	49.36
253	5808	6042	5917	49.36
254	5858	6090	5966	49.36
255	5908	6137	6016	49.36
256	5957	6188	6065	49.36
257	6007	6238	6114	49.36
258	6056	6288	6164	49.36
259	6105	6337	6213	49.36
260	6153	6386	6263	49.36
261	6202	6436	6312	49.36
262	6251	6486	6361	49.36
263	6300	6534	6411	49.36
264	6348	6584	6460	49.36
265	6397	6634	6509	49.36
266	6445	6683	6559	49.36
267	6492	6734	6608	49.36
268	6541	6785	6657	49.36
269	6590	6835	6707	49.36
270	6637	6886	6756	49.36
271	6686	6936	6805	49.36
272	6735	6987	6855	49.36
273	6783	7038	6904	49.36
274	6831	7088	6954	49.36
275	6879	7139	7003	49.36
276	6927	7190	7052	49.36
277	6975	7241	7102	49.36
278	7022	7292	7151	49.36
279	7068	7343	7200	49.36
280	7115	7396	7250	49.36
281	7164	7446	7299	49.36
282	7213	7498	7348	49.36
283	7260	7549	7398	49.36
284	7307	7598	7447	49.36
285	7354	7650	7496	49.36
286	7402	7701	7546	49.36
287	7451	7752	7595	49.36
288	7500	7804	7645	49.36
289	7548	7856	7694	49.36
290	7595	7907	7743	49.36
291	7642	7959	7793	49.36
292	7690	8011	7842	49.36
293	7738	8063	7891	49.36
294	7786	8115	7941	49.36
295	7833	8167	7990	49.36
296	7880	8219	8039	49.36
297	7926	8271	8089	49.36
298	7972	8324	8138	49.36
299	8019	8376	8187	49.36
300	8066	8429	8237	49.36
301	8115	8480	8286	49.36
302	8164	8532	8336	49.36
303	8211	8585	8385	49.36
304	8258	8637	8434	49.36
305	8304	8688	8484	49.36
306	8351	8740	8533	49.36
307	8397	8792	8582	49.36
308	8443	8844	8632	49.36
309	8489	8896	8681	49.36
310	8535	8948	8730	49.36
311	8582	9000	8780	49.36
312	8629	9052	8829	49.36
313	8675	9104	8878	49.36
314	8722	9155	8928	49.36
315	8768	9207	8977	49.36
316	8815	9259	9027	49.36
317	8861	9311	9076	49.36
318	8907	9364	9125	49.36
319	8954	9416	9175	49.36
320	9000	9468	9224	49.36
321	9047	9520	9273	49.36
322	9094	9572	9323	49.36
323	9142	9625	9372	49.36
324	9190	9677	9421	49.36
325	9237	9729	9471	49.36
326	9285	9781	9520	49.36
327	9333	9833	9569	49.36
328	9379	9886	9619	49.36
329	9427	9938	9668	49.36
330	9475	9990	9718	49.36
331	9521	10042	9767	49.36
332	9567	10094	9816	49.36
333	9615	10147	9866	49.36
334	9662	10199	9915	49.36
335	9710	10251	9964	49.36
336	9757	10303	10014	49.36
337	9803	10355	10063	49.36
338	9850	10408	10112	49.36
339	9898	10460	10162	49.36
340	9946	10512	10211	49.36
341	9993	10564	10260	49.36
342	10041	10617	10310	49.36
343	10088	10669	10359	49.36
344	10135	10721	10409	49.36
345	10181	10773	10458	49.36
346	10228	10826	10507	49.36
347	10274	10878	10557	49.36
348	10321	10930	10606	49.36
349	10368	10982	10655	49.36
350	10415	11034	10705	49.36
355	10649	11295	10951	49.36
360	10884	11555	11198	49.36
365	11119	11816	11445	49.36
370	11352	12078	11692	49.36
375	11585	12339	11939	49.36
380	11817	12600	12185	49.36
385	12050	12861	12432	49.36
390	12282	13122	12679	49.36
395	12518	13383	12926	49.36
400	12753	13643	13173	NA
