1
2
3
4
5
6
7
8
9
10
11
12
13
14
15
16
17
18
19
20
21
22
23
24
25
26
27
28
29
30
31
32
33
34
35
36
37
38
39
40
41
42
43
44
45
46
47
48
49
50
51
52
53
54
55
56
57
58
59
60
61
62
63
64
65
66
67
68
69
70
71
72
73
74
75
76
77
78
79
80
81
82
83
84
85
86
87
88
89
90
91
92
93
94
95
96
97
98
99
100
101
102
103
104
105
106
107
108
109
110
111
112
113
114
115
116
117
118
119
120
121
122
123
124
125
126
127
128
129
130
131
132
133
134
135
136
137
138
139
140
141
142
143
144
145
146
147
148
149
150
151
152
153
154
155
156
157
158
159
160
161
162
163
164
165
166
167
168
169
170
171
172
173
174
175
176
177
178
179
180
181
182
183
184
185
186
187
188
189
190
191
192
193
194
195
196
197
198
199
200
201
202
203
204
205
206
207
208
209
210
211
220
226
232
238
244
250
256
262
268
274
280
286
292
298
304
310
316
322
328
334
340
346
352
358
364
370
376
382
388
394
400
406
412
418
424
430
436
442
448
454
460
466
472
478
484
490
496
502
508
514
520
526
532
538
544
550
556
562
568
574
580
586
592
598
604
610
616
622
628
634
640
646
652
658
664
670
676
682
688
694
700
706
712
718
724
730
736
742
748
754
760
766
772
778
784
790
796
802
808
814
820
826
832
838
844
850
856
862
868
874
880
886
892
898
904
910
916
922
928
934
940
946
952
958
964
970
976
982
988
994
1000
1006
1012
1018
1024
1030
1036
1042
1048
1054
1060
1066
1072
1078
1084
1090
1096
1102
1108
1114
1120
1126
1132
1138
1144
1150
1156
1162
1168
1174
1180
1186
1192
1198
1204
1210
1216
1222
1228
1234
1240
1246
