"depth"	"constant"	"bad.extra"	"good.extra"	"best.extra"	"stars"
47	0	1	1	1	3
51	0	1	1	1	3
52	0	1	1	1	3
53	0	1	1	1	3
54	0	1	1	1	3
55	0	1	1	1	3
56	0	1	1	1	3
57	0	1	1	1	3
58	0	1	1	1	3
59	0	1	1	1	3
60	0	1	1	1	3
61	0	1	1	1	3
62	1	1	1	1	4
63	1	1	1	1	4
64	1	1	1	1	4
65	1	1	1	1	4
66	1	1	1	1	4
67	1	1	1	1	4
68	1	1	1	1	4
69	1	1	1	1	4
70	1	1	1	1	4
71	1	1	1	1	4
72	1	1	1	1	4
73	1	1	1	1	4
74	1	1	1	1	4
75	1	1	1	1	4
76	1	1	1	1	4
77	1	1	1	0	3
78	1	1	1	0	3
79	1	1	1	0	3
80	1	1	1	0	3
81	1	1	1	0	3
82	1	1	1	0	3
83	1	1	1	0	3
84	1	1	1	0	3
85	1	1	1	0	3
86	1	1	1	0	3
87	1	1	1	0	3
88	1	1	1	0	3
89	1	1	1	0	3
90	1	1	1	0	3
91	1	1	1	0	3
92	1	1	0	0	2
93	1	1	1	1	4
94	1	1	1	1	4
95	1	1	1	1	4
96	1	1	1	1	4
97	1	1	1	1	4
98	1	1	1	1	4
99	1	1	1	1	4
100	1	1	1	1	4
101	1	1	1	1	4
102	1	1	1	1	4
103	1	1	1	1	4
104	1	1	1	1	4
105	1	1	1	1	4
106	1	1	1	1	4
107	1	1	1	1	4
108	1	1	1	1	4
109	1	1	1	1	4
110	1	1	1	1	4
111	1	1	1	1	4
112	1	1	1	1	4
113	1	1	1	1	4
114	1	1	1	1	4
115	1	1	1	1	4
116	1	1	1	1	4
117	1	1	1	1	4
118	1	1	1	1	4
119	1	1	1	1	4
120	1	1	1	1	4
121	1	1	1	1	4
122	1	1	1	1	4
123	1	1	1	1	4
124	1	1	1	1	4
125	1	1	1	1	4
126	1	1	1	1	4
127	1	1	1	1	4
128	1	1	1	1	4
129	1	1	1	1	4
130	1	1	1	1	4
131	1	1	1	1	4
132	1	1	1	1	4
133	1	1	1	1	4
134	1	1	1	1	4
135	1	1	1	1	4
136	1	1	1	0	3
137	1	1	1	0	3
138	1	1	1	0	3
139	1	1	1	0	3
140	1	1	1	0	3
141	1	1	1	0	3
142	1	1	1	0	3
143	1	1	1	0	3
144	1	1	1	0	3
145	1	1	1	0	3
146	1	1	1	0	3
147	1	1	1	0	3
148	1	1	1	0	3
149	1	1	0	0	2
150	1	1	0	0	2
151	1	1	0	0	2
152	1	1	0	0	2
153	1	1	0	0	2
154	1	1	0	0	2
155	1	1	0	0	2
156	1	1	0	0	2
157	1	1	0	0	2
158	1	1	0	0	2
159	1	1	0	0	2
160	1	1	0	0	2
161	1	1	0	0	2
162	1	1	0	0	2
163	1	1	0	0	2
164	1	1	0	0	2
165	1	1	0	0	2
166	1	1	0	0	2
167	1	1	0	0	2
168	1	1	0	0	2
169	1	1	0	0	2
170	1	1	0	0	2
171	1	1	0	0	2
172	1	1	0	0	2
173	1	1	0	0	2
174	1	1	0	0	2
175	1	1	0	0	2
176	1	1	0	0	2
177	1	1	0	0	2
178	1	1	0	0	2
179	1	1	0	0	2
180	1	1	0	0	2
181	1	1	0	0	2
182	1	1	0	0	2
183	1	1	0	0	2
184	1	1	0	0	2
185	1	1	1	1	4
186	1	1	1	1	4
187	1	1	1	1	4
188	1	1	1	1	4
189	1	1	1	1	4
190	1	1	1	1	4
191	1	1	1	1	4
192	1	1	1	1	4
193	1	1	1	1	4
194	1	1	1	1	4
195	1	1	1	1	4
196	1	1	1	1	4
197	1	1	1	1	4
198	1	1	1	1	4
199	1	1	1	1	4
200	1	1	1	1	4
201	1	1	1	1	4
202	1	1	1	1	4
203	1	1	1	1	4
204	1	1	1	1	4
205	1	1	1	1	4
206	1	1	1	1	4
207	1	1	1	1	4
208	1	1	1	1	4
209	1	1	1	1	4
210	1	1	1	1	4
211	1	1	1	1	4
212	1	1	1	1	4
213	1	1	1	1	4
214	1	1	1	1	4
215	1	1	1	1	4
216	1	1	1	1	4
217	1	1	1	1	4
218	1	1	1	1	4
219	1	1	1	1	4
220	1	1	1	1	4
221	1	1	1	1	4
222	1	1	1	1	4
223	1	1	1	1	4
224	1	1	1	1	4
225	1	1	1	1	4
226	1	1	1	1	4
227	1	1	1	1	4
228	1	1	1	1	4
229	1	1	1	1	4
230	1	1	1	1	4
231	1	1	1	1	4
232	1	1	1	1	4
233	1	1	1	1	4
234	1	1	1	1	4
235	1	1	1	1	4
236	1	1	1	1	4
237	1	1	1	1	4
238	1	1	1	1	4
239	1	1	1	1	4
240	1	1	1	1	4
241	1	1	1	1	4
242	1	1	1	1	4
243	1	1	1	1	4
244	1	1	1	1	4
245	1	1	1	1	4
246	1	1	1	1	4
247	1	1	1	1	4
248	1	1	1	1	4
249	1	1	1	1	4
250	1	1	1	1	4
251	1	1	1	1	4
252	1	1	1	1	4
253	1	1	1	1	4
254	1	1	1	1	4
255	1	1	1	1	4
256	1	1	1	1	4
257	1	1	1	1	4
258	1	1	1	1	4
259	1	1	1	1	4
260	1	1	1	1	4
261	1	1	1	1	4
262	1	1	1	1	4
263	1	1	1	1	4
264	1	1	1	1	4
265	1	1	1	1	4
266	1	1	1	1	4
267	1	1	1	1	4
268	1	1	1	1	4
269	1	1	1	1	4
270	1	1	1	1	4
271	1	1	1	1	4
272	1	1	1	1	4
273	1	1	1	1	4
274	1	1	1	1	4
275	1	1	1	1	4
276	1	1	1	1	4
277	1	1	1	1	4
278	1	1	1	1	4
279	1	1	1	0	3
280	1	1	1	0	3
281	1	1	1	0	3
282	1	1	1	0	3
283	1	1	1	0	3
284	1	1	1	0	3
285	1	1	1	0	3
286	1	1	1	0	3
287	1	1	1	0	3
288	1	1	1	0	3
289	1	1	1	0	3
290	1	1	1	1	4
291	1	1	1	1	4
292	1	1	1	1	4
293	1	1	1	1	4
294	1	1	1	1	4
295	1	1	1	1	4
296	1	1	1	1	4
297	1	1	1	1	4
298	1	1	1	1	4
299	1	1	1	1	4
300	1	1	1	1	4
301	1	1	1	1	4
302	1	1	1	1	4
303	1	1	1	1	4
304	1	1	1	1	4
305	1	1	1	1	4
306	1	1	1	1	4
307	1	1	1	1	4
308	1	1	1	1	4
309	1	1	1	1	4
310	1	1	1	1	4
311	1	1	1	1	4
312	1	1	1	1	4
313	1	1	1	1	4
314	1	1	1	1	4
315	1	1	1	1	4
316	1	1	1	1	4
317	1	1	1	1	4
318	1	1	1	1	4
319	1	1	1	1	4
320	1	1	1	1	4
321	1	1	1	1	4
322	0	1	1	1	3
323	0	1	1	1	3
324	0	1	1	1	3
325	0	1	1	1	3
326	0	1	1	1	3
327	0	1	1	1	3
328	0	1	1	1	3
329	0	1	1	1	3
330	0	1	1	1	3
331	0	1	1	1	3
332	0	1	1	1	3
333	0	1	1	1	3
334	0	1	1	1	3
335	0	1	1	1	3
336	0	1	1	1	3
337	0	1	1	1	3
338	0	1	1	1	3
339	0	1	1	1	3
340	0	1	1	1	3
341	0	1	1	1	3
342	0	1	1	1	3
343	0	1	1	1	3
344	0	1	1	1	3
345	0	1	1	1	3
346	0	1	1	1	3
347	0	1	1	1	3
348	0	1	1	1	3
349	0	1	1	1	3
350	0	1	1	1	3
351	0	1	1	1	3
352	0	1	1	1	3
353	0	1	1	1	3
354	0	1	1	1	3
355	0	1	1	1	3
356	0	1	1	1	3
357	0	1	1	1	3
358	0	1	1	1	3
359	0	1	1	1	3
360	0	1	1	1	3
361	0	1	1	1	3
362	0	1	1	1	3
363	0	1	1	1	3
364	0	1	1	1	3
365	0	1	1	1	3
366	0	1	1	1	3
367	0	1	1	1	3
368	0	1	1	1	3
369	0	1	1	1	3
370	0	1	1	1	3
371	0	1	1	1	3
372	0	1	1	1	3
373	0	1	1	1	3
374	0	1	1	1	3
375	0	1	1	1	3
376	0	1	1	1	3
377	0	1	1	1	3
378	0	1	1	1	3
379	0	1	1	1	3
380	0	1	1	1	3
381	0	1	1	1	3
382	0	1	1	1	3
383	0	1	1	1	3
384	0	1	1	1	3
385	0	1	1	1	3
386	0	1	1	1	3
387	0	1	1	1	3
388	0	1	1	1	3
389	0	1	1	1	3
390	0	1	1	0	2
391	0	1	1	0	2
392	0	1	1	0	2
393	0	1	1	0	2
394	0	1	0	0	1
395	0	1	0	0	1
396	0	1	0	0	1
397	0	1	0	0	1
398	0	1	0	0	1
399	0	1	0	0	1
400	0	1	0	0	1
401	0	1	0	0	1
402	0	0	0	0	0
403	0	0	0	0	0
404	0	0	0	0	0
405	0	0	0	0	0
406	0	0	0	0	0
407	0	0	0	0	0
408	0	0	0	0	0
409	0	0	0	0	0
410	0	0	0	0	0
411	0	0	0	0	0
412	0	0	0	0	0
413	0	0	0	0	0
414	0	0	0	0	0
415	0	0	0	0	0
416	0	0	0	0	0
417	0	0	0	0	0
418	0	0	0	0	0
419	0	0	0	0	0
420	0	0	0	0	0
421	0	0	0	0	0
422	0	0	0	0	0
423	0	0	0	0	0
424	0	0	0	0	0
425	0	0	0	0	0
426	0	0	0	0	0
427	0	0	0	0	0
428	0	0	0	0	0
429	0	1	0	0	1
430	0	1	0	0	1
431	0	1	0	0	1
432	0	1	0	0	1
433	0	1	0	0	1
434	0	1	0	0	1
435	0	1	0	0	1
436	0	1	0	0	1
437	0	1	1	1	3
438	0	1	1	1	3
439	0	1	1	1	3
440	0	1	1	1	3
441	0	1	1	1	3
442	0	1	1	1	3
443	0	1	1	1	3
444	0	1	1	1	3
445	0	1	1	1	3
446	0	1	1	1	3
447	0	1	1	1	3
448	0	1	1	1	3
449	0	1	1	1	3
450	0	1	1	0	2
451	0	1	1	0	2
452	0	1	1	0	2
453	0	1	1	0	2
454	0	1	0	0	1
455	0	1	0	0	1
456	0	1	0	0	1
457	0	1	0	0	1
458	0	1	0	0	1
459	0	1	0	0	1
460	0	1	0	0	1
