"depth"	"constant"	"bad.extra"	"good.extra"	"best.extra"	"stars"
47	0	1	1	1	3
51	0	1	1	1	3
52	0	1	1	1	3
53	0	1	1	1	3
54	0	1	1	1	3
55	0	1	1	1	3
56	0	1	1	1	3
57	0	1	1	1	3
58	0	1	1	1	3
59	0	1	1	1	3
60	0	1	1	1	3
61	0	1	1	1	3
62	1	1	1	1	4
63	1	1	1	1	4
64	1	1	1	1	4
65	1	1	1	1	4
66	1	1	1	1	4
67	1	1	1	1	4
68	1	1	1	1	4
69	1	1	1	1	4
70	1	1	1	1	4
71	1	1	1	1	4
72	1	1	1	1	4
73	1	1	1	1	4
74	1	1	1	0	3
75	1	1	1	0	3
76	1	1	1	0	3
77	1	1	1	0	3
78	1	1	1	0	3
79	1	1	1	0	3
80	1	1	1	0	3
81	1	1	1	0	3
82	1	1	1	0	3
83	1	1	1	0	3
84	1	1	1	0	3
85	1	1	1	0	3
86	1	1	1	0	3
87	1	1	1	0	3
88	1	1	0	0	2
89	1	1	0	0	2
90	1	1	0	0	2
91	1	1	0	0	2
92	1	1	0	0	2
93	1	1	0	0	2
94	1	1	0	0	2
95	1	1	0	0	2
96	1	1	0	0	2
97	1	1	0	0	2
98	1	1	1	1	4
99	1	1	1	1	4
100	1	1	1	1	4
101	1	1	1	1	4
102	1	1	1	1	4
103	1	1	1	1	4
104	1	1	1	1	4
105	1	1	1	1	4
106	1	1	1	1	4
107	1	1	1	1	4
108	1	1	1	1	4
109	1	1	1	1	4
110	1	1	1	1	4
111	1	1	1	1	4
112	1	1	1	1	4
113	1	1	1	1	4
114	1	1	1	1	4
115	1	1	1	1	4
116	1	1	1	1	4
117	1	1	1	1	4
118	1	1	1	1	4
119	1	1	1	1	4
120	1	1	1	1	4
121	1	1	1	1	4
122	1	1	1	1	4
123	1	1	1	1	4
124	1	1	1	1	4
125	1	1	1	1	4
126	1	1	1	1	4
127	1	1	1	1	4
128	1	1	1	1	4
129	1	1	1	1	4
130	1	1	1	1	4
131	1	1	1	1	4
132	1	1	1	1	4
133	1	1	1	1	4
134	1	1	1	1	4
135	1	1	1	1	4
136	1	1	1	1	4
137	1	1	1	1	4
138	1	1	1	0	3
139	1	1	1	0	3
140	1	1	1	0	3
141	1	1	1	0	3
142	1	1	1	0	3
143	1	1	1	0	3
144	1	1	1	0	3
145	1	1	1	0	3
146	1	1	1	0	3
147	1	1	1	0	3
148	1	1	1	0	3
149	1	1	1	0	3
150	1	1	1	0	3
151	1	1	0	0	2
152	1	1	0	0	2
153	1	1	0	0	2
154	1	1	0	0	2
155	1	1	0	0	2
156	1	1	0	0	2
157	1	1	0	0	2
158	1	1	0	0	2
159	1	1	0	0	2
160	1	1	0	0	2
161	1	1	0	0	2
162	1	1	0	0	2
163	1	1	0	0	2
164	1	1	0	0	2
165	1	1	0	0	2
166	1	1	0	0	2
167	1	1	0	0	2
168	1	1	0	0	2
169	1	1	0	0	2
170	1	1	0	0	2
171	1	1	0	0	2
172	1	1	1	1	4
173	1	1	1	1	4
174	1	1	1	1	4
175	1	1	1	1	4
176	1	1	1	1	4
177	1	1	1	1	4
178	1	1	1	1	4
179	1	1	1	1	4
180	1	1	1	1	4
181	1	1	1	1	4
182	1	1	1	1	4
183	1	1	1	1	4
184	1	1	1	1	4
185	1	1	1	1	4
186	1	1	1	1	4
187	1	1	1	1	4
188	1	1	1	1	4
189	1	1	1	1	4
190	1	1	1	1	4
191	1	1	1	1	4
192	1	1	1	1	4
193	1	1	1	1	4
194	1	1	1	1	4
195	1	1	1	1	4
196	1	1	1	1	4
197	1	1	1	1	4
198	1	1	1	1	4
199	1	1	1	1	4
200	1	1	1	1	4
201	1	1	1	1	4
202	1	1	1	1	4
203	1	1	1	1	4
204	1	1	1	1	4
205	1	1	1	1	4
206	1	1	1	1	4
207	1	1	1	1	4
208	1	1	1	1	4
209	1	1	1	1	4
210	1	1	1	1	4
211	1	1	1	1	4
212	1	1	1	1	4
213	1	1	1	1	4
214	1	1	1	1	4
215	1	1	1	1	4
216	1	1	1	1	4
217	1	1	1	1	4
218	1	1	1	1	4
219	1	1	1	1	4
220	1	1	1	1	4
221	1	1	1	1	4
222	1	1	1	1	4
223	1	1	1	1	4
224	1	1	1	1	4
225	1	1	1	1	4
226	1	1	1	1	4
227	1	1	1	1	4
228	1	1	1	1	4
229	1	1	1	1	4
230	1	1	1	1	4
231	1	1	1	1	4
232	1	1	1	1	4
233	1	1	1	1	4
234	1	1	1	1	4
235	1	1	1	1	4
236	1	1	1	1	4
237	1	1	1	1	4
238	1	1	1	1	4
239	1	1	1	1	4
240	1	1	1	1	4
241	1	1	1	1	4
242	1	1	1	1	4
243	1	1	1	1	4
244	1	1	1	1	4
245	1	1	1	1	4
246	1	1	1	1	4
247	1	1	1	1	4
248	1	1	1	1	4
249	1	1	1	1	4
250	1	1	1	1	4
251	1	1	1	1	4
252	1	1	1	1	4
253	1	1	1	1	4
254	1	1	1	1	4
255	1	1	1	1	4
256	1	1	1	1	4
257	1	1	1	1	4
258	1	1	1	1	4
259	1	1	1	1	4
260	1	1	1	1	4
261	1	1	1	1	4
262	1	1	1	1	4
263	1	1	1	1	4
264	1	1	1	1	4
265	1	1	1	1	4
266	1	1	1	1	4
267	1	1	1	1	4
268	1	1	1	1	4
269	1	1	1	1	4
270	1	1	1	1	4
271	1	1	1	1	4
272	1	1	1	1	4
273	1	1	1	1	4
274	1	1	1	1	4
275	1	1	1	1	4
276	1	1	1	1	4
277	1	1	1	1	4
278	1	1	1	1	4
279	1	1	1	1	4
280	1	1	1	1	4
281	1	1	1	1	4
282	1	1	1	1	4
283	1	1	1	1	4
284	1	1	1	1	4
285	1	1	1	1	4
286	1	1	1	1	4
287	1	1	1	1	4
288	1	1	1	1	4
289	1	1	1	1	4
290	1	1	1	1	4
291	1	1	1	1	4
292	1	1	1	1	4
293	1	1	1	1	4
294	1	1	1	1	4
295	1	1	1	1	4
296	1	1	1	1	4
297	1	1	1	1	4
298	1	1	1	1	4
299	1	1	1	1	4
300	1	1	1	1	4
301	1	1	1	1	4
302	1	1	1	1	4
303	1	1	1	1	4
304	1	1	1	1	4
305	1	1	1	1	4
306	1	1	1	1	4
307	1	1	1	1	4
308	1	1	1	1	4
309	1	1	1	1	4
310	1	1	1	1	4
311	1	1	1	1	4
312	1	1	1	1	4
313	1	1	1	1	4
314	1	1	1	1	4
315	1	1	1	1	4
316	1	1	1	1	4
317	1	1	1	1	4
318	1	1	1	1	4
319	1	1	1	1	4
320	1	1	1	1	4
321	1	1	1	1	4
322	1	1	1	1	4
323	1	1	1	1	4
324	1	1	1	1	4
325	1	1	1	1	4
326	1	1	1	1	4
327	1	1	1	1	4
328	1	1	1	1	4
329	1	1	1	1	4
330	1	1	1	1	4
331	1	1	1	1	4
332	1	1	1	1	4
333	1	1	1	1	4
334	1	1	1	1	4
335	1	1	1	1	4
336	1	1	1	1	4
337	1	1	1	1	4
338	1	1	1	1	4
339	1	1	1	1	4
340	1	1	1	1	4
341	1	1	1	1	4
342	1	1	1	1	4
343	1	1	1	1	4
344	1	1	1	1	4
345	1	1	1	1	4
346	1	1	1	1	4
347	1	1	1	1	4
348	1	1	1	1	4
349	1	1	1	1	4
350	1	1	1	1	4
351	1	1	1	1	4
352	1	1	1	1	4
353	1	1	1	1	4
354	1	1	1	1	4
355	1	1	1	1	4
356	1	1	1	1	4
357	1	1	1	1	4
358	1	1	1	1	4
359	0	1	1	1	3
360	0	1	1	1	3
361	0	1	1	1	3
362	0	1	1	1	3
363	0	1	1	1	3
364	0	1	1	1	3
365	0	1	1	1	3
366	0	1	1	1	3
367	0	1	1	1	3
368	0	1	1	1	3
369	0	1	1	1	3
370	0	1	1	1	3
371	0	1	1	1	3
372	0	1	1	1	3
373	0	1	1	1	3
374	0	1	1	1	3
375	0	1	1	1	3
376	0	1	1	1	3
377	0	1	1	1	3
378	0	1	1	1	3
379	0	1	1	1	3
380	0	1	1	1	3
381	0	1	1	1	3
382	0	1	1	1	3
383	0	1	1	1	3
384	0	1	1	1	3
385	0	1	1	1	3
386	0	1	1	1	3
387	0	1	1	1	3
388	0	1	1	1	3
389	0	1	1	1	3
390	0	1	1	1	3
391	0	1	1	1	3
392	0	1	1	1	3
393	0	1	1	0	2
394	0	1	1	0	2
395	0	1	1	0	2
396	0	1	1	0	2
397	0	1	1	0	2
398	0	1	1	0	2
399	0	1	0	0	1
400	0	1	0	0	1
401	0	1	0	0	1
402	0	1	0	0	1
403	0	1	0	0	1
404	0	1	0	0	1
405	0	1	0	0	1
406	0	1	0	0	1
407	0	1	0	0	1
408	0	1	0	0	1
409	0	1	0	0	1
410	0	1	0	0	1
411	0	0	0	0	0
412	0	0	0	0	0
413	0	0	0	0	0
414	0	0	0	0	0
415	0	0	0	0	0
416	0	0	0	0	0
417	0	0	0	0	0
418	0	0	0	0	0
419	0	0	0	0	0
420	0	0	0	0	0
421	0	1	0	0	1
422	0	1	0	0	1
423	0	1	0	0	1
424	0	1	0	0	1
425	0	1	0	0	1
426	0	1	0	0	1
427	0	1	0	0	1
428	0	1	0	0	1
429	0	1	0	0	1
430	0	1	0	0	1
431	0	1	1	1	3
432	0	1	1	1	3
433	0	1	1	1	3
434	0	1	1	1	3
435	0	1	1	1	3
436	0	1	1	1	3
437	0	1	1	1	3
438	0	1	1	1	3
439	0	1	1	1	3
440	0	1	1	1	3
441	0	1	1	1	3
442	0	1	1	1	3
443	0	1	1	1	3
444	0	1	1	1	3
445	0	1	1	0	2
446	0	1	1	0	2
447	0	1	1	0	2
448	0	1	1	0	2
449	0	1	1	0	2
450	0	1	0	0	1
451	0	1	0	0	1
452	0	1	0	0	1
453	0	1	0	0	1
454	0	1	0	0	1
455	0	1	0	0	1
456	0	1	0	0	1
457	0	1	0	0	1
458	0	1	0	0	1
459	0	0	0	0	0
460	0	0	0	0	0
