depth	min95%	max95%	best	acc.rate
0	-126	55	-15	3.9
2	-116	62	-7	3.9
4	-105	69	0	3.9
6	-96	76	8	3.9
8	-86	84	16	3.91
10	-76	91	24	3.91
12	-66	98	32	3.92
14	-56	105	39	3.93
16	-46	113	47	3.94
18	-36	120	55	3.95
20	-27	128	63	3.96
22	-17	135	71	3.97
24	-7	143	79	3.98
26	2	150	87	4
28	11	157	95	4.01
30	20	165	103	4.03
32	29	172	111	4.05
34	37	179	119	4.07
36	46	187	127	4.09
38	56	195	136	4.11
40	65	203	144	4.13
42	73	211	152	4.16
44	81	218	160	4.18
46	92	226	169	4.21
48	102	234	177	4.23
50	112	242	186	4.26
55	137	262	207	4.34
60	163	283	229	4.42
65	188	304	251	4.51
70	213	325	274	4.61
75	238	347	297	4.71
80	263	369	321	4.83
85	287	392	345	4.94
90	313	416	370	5.07
95	340	441	396	5.2
100	368	465	422	5.35
105	396	489	449	5.49
110	424	516	477	5.65
115	454	544	506	5.81
120	484	574	535	5.98
125	514	606	565	6.16
130	546	639	596	6.34
135	577	673	628	6.54
140	610	708	662	6.75
145	644	745	696	6.97
150	679	783	731	7.21
155	715	823	768	7.46
160	752	864	805	7.72
165	792	905	845	8
170	833	949	885	8.29
175	875	993	927	8.6
180	917	1039	971	8.92
185	961	1085	1016	9.25
190	1005	1135	1063	9.58
195	1053	1184	1112	9.88
200	1099	1233	1161	10.12
205	1147	1284	1213	10.33
210	1194	1336	1265	10.5
215	1241	1388	1317	10.62
220	1289	1441	1370	10.69
225	1337	1493	1424	10.73
230	1387	1545	1478	10.72
235	1437	1599	1531	10.67
240	1485	1651	1584	10.58
245	1534	1704	1637	10.45
250	1584	1756	1689	10.32
255	1630	1807	1740	10.18
260	1680	1858	1791	10.04
265	1726	1908	1841	9.89
270	1774	1959	1890	9.74
275	1822	2009	1938	9.59
280	1870	2057	1986	9.43
285	1917	2105	2033	9.27
290	1958	2152	2079	9.1
295	2005	2198	2124	8.93
300	2049	2242	2168	8.75
305	2089	2287	2212	8.57
310	2134	2330	2254	8.39
315	2173	2373	2296	8.2
320	2206	2414	2336	8
325	2247	2454	2376	7.81
330	2284	2493	2415	7.61
335	2317	2531	2452	7.4
340	2358	2568	2489	7.19
345	2389	2603	2524	6.97
350	2418	2637	2559	6.75
355	2445	2672	2592	6.53
360	2471	2704	2624	6.3
365	2497	2737	2655	6.07
370	2521	2767	2685	5.84
375	2543	2796	2714	5.6
380	2566	2825	2741	5.35
385	2587	2852	2768	5.1
390	2604	2878	2793	4.85
395	2621	2903	2816	4.59
400	2639	2927	2839	4.33
405	2659	2950	2860	4.06
410	2674	2971	2880	3.79
415	2688	2992	2898	3.52
420	2703	3009	2915	3.25
425	2712	3027	2931	3
430	2722	3043	2946	2.77
435	2736	3057	2959	2.55
440	2748	3071	2971	2.35
445	2757	3084	2983	2.16
450	2764	3096	2993	1.99
455	2771	3110	3003	1.83
460	2779	3121	3012	1.68
465	2786	3130	3020	1.56
470	2794	3142	3027	1.44
475	2803	3153	3034	1.34
480	2812	3163	3041	1.26
485	2820	3173	3047	1.19
490	2828	3180	3053	1.14
495	2834	3187	3058	1.1
500	2837	3193	3064	1.08
505	2840	3202	3069	1.07
510	2844	3211	3075	1.08
515	2847	3221	3080	1.1
520	2852	3229	3086	1.14
525	2857	3237	3091	1.19
530	2864	3247	3098	1.26
535	2872	3257	3104	1.34
540	2880	3267	3111	1.44
545	2890	3276	3118	1.56
550	2901	3285	3126	1.68
555	2910	3296	3135	1.83
560	2918	3307	3145	1.98
565	2932	3319	3155	2.16
570	2947	3333	3166	2.35
575	2963	3347	3178	2.55
580	2976	3362	3191	2.77
585	2990	3379	3206	3
590	3014	3395	3221	3.25
595	3039	3413	3238	3.51
600	3054	3433	3256	3.79
605	3072	3454	3276	4.09
610	3091	3476	3297	4.4
615	3112	3499	3319	4.72
620	3135	3523	3344	5.06
625	3163	3549	3370	5.41
630	3193	3578	3397	5.78
635	3227	3607	3427	6.17
640	3262	3638	3459	6.57
645	3299	3671	3492	6.98
650	3335	3706	3528	7.41
655	3373	3744	3566	7.86
660	3415	3784	3606	8.32
665	3459	3825	3649	8.79
670	3506	3867	3694	9.28
675	3559	3911	3741	9.79
680	3609	3957	3791	10.31
685	3663	4007	3844	10.84
690	3720	4057	3899	11.39
695	3779	4112	3957	11.96
700	3842	4169	4018	12.54
705	3909	4228	4082	13.13
710	3979	4290	4149	13.74
715	4054	4357	4219	14.37
720	4130	4426	4292	15.01
725	4209	4500	4368	15.66
730	4292	4578	4448	16.34
735	4378	4659	4531	17.02
740	4468	4743	4617	17.72
745	4563	4831	4707	18.45
750	4661	4924	4801	19.25
755	4762	5019	4899	20.13
760	4869	5120	5002	21.09
765	4982	5226	5109	22.14
770	5100	5337	5222	23.27
775	5224	5452	5341	24.48
780	5353	5574	5466	25.72
785	5491	5702	5597	26.94
790	5635	5836	5734	28.14
795	5784	5976	5877	29.33
800	5937	6121	6026	30.5
805	6097	6271	6181	31.65
810	6264	6429	6341	32.79
815	6432	6592	6507	33.9
820	6608	6757	6679	35.01
825	6789	6932	6856	36.09
830	6973	7109	7039	37.14
835	7162	7290	7227	38.13
840	7357	7478	7419	39.05
845	7554	7672	7616	39.91
850	7758	7868	7817	40.71
855	7965	8072	8022	41.44
860	8173	8280	8231	42.11
865	8386	8493	8443	42.72
870	8600	8709	8657	43.27
875	8815	8927	8875	43.75
880	9033	9148	9094	44.17
885	9256	9374	9316	44.52
890	9476	9600	9539	44.82
895	9689	9830	9764	45.05
900	9904	10061	9989	45.22
905	10106	10292	10216	45.32
910	10312	10525	10442	45.36
915	10515	10758	10669	45.34
920	10708	10991	10896	45.26
925	10902	11225	11122	45.1
930	11090	11457	11347	44.89
935	11274	11688	11571	44.6
940	11456	11917	11793	44.25
945	11635	12144	12014	43.83
950	11810	12370	12232	43.34
955	11976	12594	12447	42.79
960	12136	12815	12660	42.17
965	12290	13032	12870	41.49
970	12441	13246	13076	40.74
975	12593	13455	13278	39.92
980	12743	13662	13476	39.04
985	12890	13863	13669	38.09
990	13032	14059	13857	37.07
995	13166	14250	14041	35.99
1000	13297	14434	14218	34.84
1005	13424	14612	14390	33.62
1010	13547	14782	14556	32.34
1015	13670	14947	14715	30.99
1020	13788	15108	14867	29.58
1025	13903	15262	15012	28.1
1030	14015	15411	15149	26.55
1035	14123	15548	15279	24.93
1040	14232	15679	15400	23.31
1045	14330	15804	15514	21.77
1050	14424	15915	15619	20.3
1055	14519	16024	15718	18.92
1060	14610	16126	15810	17.61
1065	14699	16229	15896	16.38
1070	14785	16323	15975	15.23
1075	14869	16424	16049	14.16
1080	14950	16513	16118	13.16
1085	15039	16595	16182	12.25
1090	15118	16671	16241	11.41
1095	15196	16742	16297	10.65
1100	15268	16806	16349	9.98
1105	15339	16868	16397	9.38
1110	15410	16932	16443	8.86
1115	15482	16996	16487	8.41
1120	15557	17060	16528	8.05
1125	15634	17116	16568	7.76
1130	15712	17169	16606	7.56
1135	15789	17225	16643	7.43
1140	15864	17278	16680	7.38
1145	15938	17329	16717	7.41
1150	16010	17380	16755	7.52
1155	16083	17430	16793	7.7
1160	16158	17481	16832	7.97
1165	16235	17536	16872	8.31
1170	16313	17592	16914	8.74
1175	16395	17649	16959	9.24
1180	16478	17705	17006	9.82
1185	16564	17760	17057	10.48
1190	16653	17817	17111	11.22
1195	16746	17875	17168	12.03
1200	16840	17934	17230	12.93
1205	16938	17996	17297	13.9
1210	17041	18061	17368	14.95
1215	17144	18130	17445	16.09
1220	17252	18206	17528	17.3
1225	17366	18289	17617	18.58
1230	17486	18371	17713	19.95
1235	17606	18455	17815	21.36
1240	17725	18539	17925	22.72
1245	17843	18626	18041	24.03
1250	17966	18718	18164	25.27
1255	18096	18814	18293	26.46
1260	18234	18923	18427	27.58
1265	18371	19036	18567	28.65
1270	18512	19149	18713	29.66
1275	18657	19270	18863	30.62
1280	18808	19389	19018	31.51
1285	18963	19523	19177	32.35
1290	19122	19654	19340	33.13
1295	19288	19797	19507	33.85
1300	19460	19944	19678	34.51
1305	19630	20092	19852	35.11
1310	19804	20236	20028	35.66
1315	19985	20396	20208	36.18
1320	20168	20567	20390	36.67
1325	20352	20742	20574	37.14
1330	20543	20916	20761	37.59
1335	20734	21097	20949	38.01
1340	20922	21286	21140	38.42
1345	21108	21480	21333	38.8
1350	21302	21677	21528	39.15
1355	21497	21879	21724	39.49
1360	21681	22085	21922	39.8
1365	21880	22291	22122	40.09
1370	22074	22498	22323	40.36
1375	22256	22705	22525	40.6
1380	22449	22916	22729	40.82
1385	22644	23126	22933	41.02
1390	22832	23338	23139	41.2
1395	23025	23553	23345	41.35
1400	23209	23767	23552	41.48
1405	23393	23980	23760	41.59
1410	23581	24193	23968	41.68
1415	23780	24409	24176	41.74
1420	23978	24626	24385	41.78
1425	24176	24844	24594	41.8
1430	24369	25062	24803	NA
