12.5
37.5
62.5
81.5
93.75
102.5
118.75
137.5
162.5
187.5
206.25
218.75
231.25
243.75
256.25
268.75
281.25
293.75
306.25
318.75
331.25
343.75
356.25
368.75
381.25
393.75
406.25
418.75
431.25
443.75
456.25
468.75
481.25
493.75
506.25
518.75
531.25
543.75
556.25
568.75
581.25
593.75
606.25
618.75
631.25
643.75
656.25
668.75
681.25
693.75
706.25
718.75
731.25
743.75
756.25
768.75
781.25
793.75
806.25
818.75
831.25
843.75
856.25
868.75
881.25
893.75
912.5
931.25
943.75
956.25
968.75
981.25
993.75
1006.25
1018.75
1031.25
1043.75
1062.5
