depth	min95%	max95%	best	acc.rate
4	-1452	223	-587	12.47
11	-1340	287	-500	12.47
15	-1275	322	-450	12.47
23	-1147	395	-350	12.47
55	-631	685	49	12.47
64	-486	762	161	12.47
73	-341	842	273	12.47
82	-196	924	385	12.47
99	78	1081	597	12.47
103	143	1118	647	12.47
109	242	1173	722	12.47
115	342	1228	797	12.47
119	409	1265	846	12.47
124	492	1310	909	12.47
128	558	1347	959	12.47
133	641	1393	1021	12.47
137	709	1431	1071	12.47
142	790	1475	1133	12.47
146	855	1512	1183	12.47
150	921	1549	1233	12.47
156	1019	1603	1308	12.47
161	1100	1648	1370	12.47
165	1166	1682	1420	12.47
170	1245	1730	1482	12.47
177	1355	1792	1570	12.47
182	1431	1836	1632	12.47
186	1498	1872	1682	12.47
190	1557	1908	1732	12.47
194	1621	1948	1782	12.47
199	1698	1996	1844	12.47
209	1848	2094	1969	12.47
217	1960	2185	2068	12.47
223	2039	2262	2143	12.47
227	2089	2313	2193	12.47
231	2134	2368	2243	12.47
240	2230	2491	2355	12.47
244	2269	2550	2405	12.47
249	2324	2627	2467	12.47
253	2365	2688	2517	12.47
261	2446	2804	2617	12.47
274	2574	3005	2779	12.47
282	2649	3131	2879	12.47
286	2690	3191	2929	12.47
290	2729	3255	2978	12.47
299	2827	3402	3103	24.33
304	2962	3513	3224	24.33
314	3235	3738	3467	24.33
323	3465	3946	3686	24.33
329	3607	4087	3832	24.33
336	3768	4254	4003	24.33
342	3906	4401	4149	24.33
349	4063	4573	4319	24.33
353	4150	4672	4416	24.33
358	4254	4799	4538	24.33
369	4483	5074	4805	24.33
374	4586	5205	4927	24.33
378	4669	5312	5024	24.33
382	4751	5419	5122	24.33
387	4854	5554	5243	24.33
392	4957	5689	5365	15.05
397	5002	5725	5403	5.78
402	5037	5749	5432	5.78
408	5079	5778	5467	5.78
418	5146	5827	5524	5.78
424	5187	5856	5559	5.78
432	5241	5899	5605	5.78
438	5281	5929	5640	5.78
442	5309	5948	5663	5.78
449	5354	5980	5703	5.78
457	5414	6019	5750	5.78
463	5454	6049	5784	5.78
469	5497	6077	5819	5.78
474	5533	6100	5848	5.78
478	5562	6119	5871	5.78
485	5613	6151	5911	5.78
490	5646	6175	5940	5.78
496	5689	6205	5975	5.78
504	5746	6243	6021	5.78
511	5797	6277	6062	5.78
518	5846	6311	6102	5.78
524	5887	6340	6137	5.78
528	5912	6360	6160	5.78
537	5975	6406	6212	5.78
543	6014	6437	6246	5.78
549	6051	6467	6281	5.78
553	6074	6487	6304	5.78
560	6120	6524	6345	5.78
566	6157	6555	6379	5.78
574	6217	6596	6425	5.78
579	6250	6622	6454	5.78
584	6282	6649	6483	5.78
589	6314	6675	6512	5.78
593	6338	6694	6535	5.78
599	6378	6726	6570	5.78
628	6556	6889	6737	5.78
629	6562	6895	6743	5.78
635	6598	6931	6778	5.78
636	6603	6938	6783	5.78
639	6621	6956	6801	5.78
649	6683	7013	6859	5.78
653	6705	7037	6882	5.78
657	6728	7063	6905	5.78
664	6768	7106	6945	5.78
669	6795	7135	6974	5.78
671	6805	7148	6986	5.78
674	6823	7167	7003	5.78
681	6862	7213	7043	5.78
682	6868	7220	7049	5.78
689	6906	7261	7090	5.78
690	6911	7268	7095	5.78
694	6934	7293	7118	5.78
699	6961	7326	7147	5.78
703	6982	7352	7170	5.78
705	6993	7366	7182	5.78
710	7023	7397	7212	8.54
717	7091	7442	7272	8.54
720	7120	7459	7298	8.54
725	7168	7495	7340	8.54
730	7216	7528	7383	8.54
731	7227	7537	7391	8.54
736	7275	7575	7434	8.54
738	7292	7592	7451	8.54
742	7329	7625	7485	8.54
748	7383	7677	7537	8.54
752	7416	7714	7571	8.54
756	7450	7754	7605	8.54
761	7490	7802	7647	8.54
766	7529	7852	7690	8.54
767	7538	7862	7699	8.54
770	7561	7893	7724	8.54
773	7585	7924	7750	8.54
774	7593	7934	7758	8.54
778	7622	7973	7793	8.54
779	7627	7983	7801	8.54
783	7657	8022	7835	8.54
786	7679	8053	7861	8.54
791	7717	8104	7904	8.54
798	7759	8176	7963	8.54
799	7766	8185	7972	8.54
804	7799	8236	8014	8.54
807	7818	8269	8040	8.54
810	7837	8299	8066	8.54
811	7844	8310	8074	8.54
816	7876	8363	8117	11.85
819	7916	8404	8159	15.16
820	7932	8420	8174	15.16
823	7980	8462	8220	15.16
824	7996	8477	8235	15.16
828	8059	8537	8296	15.16
834	8149	8625	8387	15.16
838	8209	8687	8447	15.16
843	8285	8769	8523	15.16
848	8361	8849	8599	15.16
853	8431	8927	8675	15.16
859	8518	9020	8766	15.16
864	8591	9103	8842	15.16
869	8664	9183	8917	15.16
874	8738	9267	8993	15.16
879	8812	9349	9069	15.16
884	8886	9438	9145	15.16
890	8974	9548	9236	15.16
894	9027	9614	9296	15.16
900	9112	9730	9387	15.16
904	9164	9803	9448	15.16
910	9246	9914	9539	15.16
914	9300	9991	9600	15.16
918	9352	10068	9660	15.16
924	9433	10183	9751	15.16
928	9488	10259	9812	15.16
933	9557	10355	9888	15.16
937	9611	10427	9949	15.16
943	9690	10539	10040	15.16
948	9756	10632	10115	15.16
954	9835	10744	10206	15.16
960	9914	10854	10297	15.16
970	10044	11039	10449	15.16
974	10096	11113	10510	15.16
984	10232	11297	10661	15.16
992	10333	11445	10783	15.16
998	10408	11554	10874	15.16
1002	10459	11625	10934	15.16
1006	10509	11702	10995	15.16
1013	10597	11832	11101	15.16
1017	10648	11909	11162	15.16
1022	10711	12001	11238	15.16
1026	10762	12073	11298	15.16
1031	10826	12163	11374	15.16
1035	10880	12237	11435	15.16
1044	10991	12401	11571	15.16
1049	11055	12494	11647	15.16
1054	11118	12587	11723	15.16
1059	11182	12680	11799	15.16
1064	11247	12772	11875	15.16
1069	11311	12869	11950	15.16
1074	11375	12965	12026	15.16
1079	11439	13057	12102	15.16
1083	11490	13131	12163	15.16
1088	11552	13225	12238	15.16
1093	11616	13318	12314	15.16
1098	11680	13410	12390	15.16
1103	11744	13503	12466	15.16
1109	11821	13613	12557	15.16
1118	11933	13779	12693	15.16
1123	11996	13871	12769	15.16
1129	12073	13982	12860	15.16
1134	12136	14074	12936	15.16
1143	12251	14239	13073	15.16
1148	12314	14335	13148	15.16
1153	12378	14431	13224	15.16
1159	12454	14546	13315	15.16
1163	12505	14622	13376	15.16
1168	12569	14714	13452	15.16
1172	12620	14787	13512	15.16
1177	12683	14878	13588	15.16
1185	12785	15024	13709	NA
