4
11
15
23
55
64
73
82
99
103
109
115
119
124
128
133
137
142
146
150
156
161
165
170
177
182
186
190
194
199
209
217
223
227
231
240
244
249
253
261
274
282
286
290
299
304
314
323
329
336
342
349
353
358
369
374
378
382
387
392
397
402
408
418
424
432
438
442
449
457
463
469
474
478
485
490
496
504
511
518
524
528
537
543
549
553
560
566
574
579
584
589
593
599
628
629
635
636
639
649
653
657
664
669
671
674
681
682
689
690
694
699
703
705
710
717
720
725
730
731
736
738
742
748
752
756
761
766
767
770
773
774
778
779
783
786
791
798
799
804
807
810
811
816
819
820
823
824
828
834
838
843
848
853
859
864
869
874
879
884
890
894
900
904
910
914
918
924
928
933
937
943
948
954
960
970
974
984
992
998
1002
1006
1013
1017
1022
1026
1031
1035
1044
1049
1054
1059
1064
1069
1074
1079
1083
1088
1093
1098
1103
1109
1118
1123
1129
1134
1143
1148
1153
1159
1163
1168
1172
1177
1185

