depth	min95%	max95%	best	acc.rate
0	-1634	-472	-1139	11.7
2	-1603	-459	-1116	11.7
4	-1573	-445	-1093	11.7
6	-1543	-431	-1069	11.7
8	-1513	-417	-1046	11.7
10	-1483	-403	-1022	11.7
12	-1453	-387	-999	11.7
14	-1423	-371	-976	11.7
16	-1393	-355	-952	11.7
18	-1363	-338	-929	11.7
20	-1333	-322	-905	11.7
22	-1303	-306	-882	11.7
24	-1273	-289	-859	11.7
26	-1243	-273	-835	11.7
28	-1213	-257	-812	11.7
30	-1182	-240	-788	11.7
32	-1152	-224	-765	11.7
34	-1122	-208	-742	11.7
36	-1092	-192	-718	11.7
38	-1062	-178	-695	11.7
40	-1032	-165	-672	11.7
42	-1002	-151	-648	11.7
44	-972	-138	-625	11.7
46	-942	-122	-601	11.7
48	-911	-106	-578	11.7
50	-881	-89	-555	11.7
52	-851	-73	-531	11.7
54	-821	-60	-508	11.7
56	-791	-46	-484	11.7
58	-760	-33	-461	11.7
60	-730	-20	-438	11.7
62	-700	-6	-414	11.7
64	-670	7	-391	11.7
66	-640	20	-367	11.7
68	-610	33	-344	11.7
70	-580	48	-321	11.7
72	-550	65	-297	11.7
74	-520	83	-274	11.7
76	-490	100	-250	11.7
78	-460	117	-227	11.7
80	-429	135	-204	11.7
82	-399	152	-180	11.7
84	-369	169	-157	11.7
86	-339	185	-133	11.7
88	-309	201	-110	11.7
90	-279	213	-87	11.7
92	-249	226	-63	11.7
94	-219	238	-40	11.7
96	-189	250	-16	11.7
98	-159	263	7	11.7
100	-129	279	30	11.7
102	-98	290	54	11.7
104	-68	301	77	11.7
106	-38	318	101	11.7
108	-8	334	124	11.7
110	23	352	147	11.7
112	53	369	171	11.7
114	84	386	194	11.7
116	114	403	217	11.7
118	144	420	241	11.7
120	174	437	264	11.7
122	204	454	288	11.7
124	234	471	311	11.7
126	264	488	334	11.7
128	294	505	358	11.7
130	324	522	381	11.7
132	354	539	405	11.7
134	384	555	428	11.7
136	414	571	451	11.7
138	443	587	475	11.7
140	473	603	498	11.7
142	499	620	522	11.7
144	521	636	545	11.67
146	542	652	568	11.59
148	560	668	591	11.45
150	578	684	614	11.26
152	597	704	637	11.01
154	615	724	658	10.71
156	631	744	680	10.35
158	647	761	700	9.93
160	664	780	720	9.46
162	679	799	739	8.93
164	694	819	756	8.35
166	707	836	772	7.71
168	720	852	788	7.02
170	732	867	801	6.27
172	741	880	813	5.5
174	751	891	824	4.77
176	761	900	833	4.1
178	770	908	841	3.47
180	779	916	848	2.9
182	785	922	853	2.37
184	790	926	858	1.9
186	794	930	861	1.48
188	798	932	864	1.11
190	801	933	866	0.79
192	804	934	868	0.52
194	808	934	869	0.3
196	809	934	869	0.14
198	809	935	869	0.02
200	810	934	869	-0.04
202	810	933	869	-0.06
204	811	932	869	-0.02
206	812	935	869	0.07
208	813	935	869	0.2
210	813	935	870	0.39
212	814	935	871	0.63
214	815	937	872	0.93
216	817	939	874	1.26
218	819	943	877	1.6
220	821	947	880	1.96
222	824	953	884	2.34
224	827	959	889	2.72
226	832	965	895	3.12
228	836	972	901	3.54
230	841	980	909	3.96
232	848	988	917	4.4
234	856	996	926	4.86
236	865	1005	936	5.33
238	875	1016	947	5.81
240	886	1029	958	6.3
242	899	1041	971	6.81
244	913	1054	985	7.33
246	928	1068	1000	7.87
248	944	1085	1016	8.42
250	962	1102	1033	8.98
252	982	1122	1051	9.55
254	1003	1145	1071	10.14
256	1027	1164	1091	10.75
258	1051	1184	1113	11.36
260	1074	1207	1136	11.99
262	1102	1230	1161	12.63
264	1130	1255	1186	13.29
266	1159	1285	1213	13.96
268	1187	1318	1241	14.65
270	1216	1351	1271	15.34
272	1246	1383	1302	16.05
274	1275	1413	1334	16.78
276	1307	1449	1368	17.51
278	1340	1491	1404	18.26
280	1373	1542	1441	19
282	1406	1591	1479	19.72
284	1441	1641	1519	20.44
286	1478	1697	1560	21.16
288	1516	1754	1603	21.86
290	1555	1802	1647	22.55
292	1594	1865	1692	23.24
294	1636	1926	1739	23.91
296	1678	1987	1787	24.58
298	1723	2049	1837	25.24
300	1768	2113	1888	25.89
302	1814	2178	1940	26.54
304	1858	2245	1993	27.17
306	1902	2310	2048	27.8
308	1953	2378	2104	28.41
310	2003	2445	2161	29.02
312	2052	2507	2219	29.62
314	2100	2573	2279	30.21
316	2147	2640	2339	30.79
318	2199	2705	2401	31.37
320	2249	2771	2464	31.93
322	2300	2833	2528	32.49
324	2352	2894	2594	33.04
326	2406	2958	2660	33.58
328	2463	3022	2727	34.04
330	2520	3093	2796	34.28
332	2573	3158	2864	34.27
334	2627	3214	2933	34.04
336	2683	3271	3001	33.56
338	2736	3334	3067	32.85
340	2792	3395	3133	31.9
342	2843	3455	3196	30.71
344	2899	3504	3257	29.29
346	2956	3561	3314	27.82
348	3021	3618	3369	26.72
350	3089	3675	3422	26.03
352	3146	3744	3474	25.74
354	3211	3801	3526	25.85
356	3276	3862	3578	26.38
358	3348	3921	3631	27.3
360	3418	3984	3686	28.63
362	3489	4044	3744	30.36
364	3559	4108	3806	32.2
366	3632	4170	3871	33.85
368	3693	4236	3939	35.31
370	3754	4298	4011	36.58
372	3805	4364	4084	37.67
374	3853	4434	4160	38.56
376	3895	4502	4238	39.27
378	3937	4569	4317	39.78
380	3982	4636	4396	40.11
382	4048	4712	4477	40.25
384	4104	4792	4557	40.25
386	4147	4875	4638	40.25
388	4193	4969	4718	40.25
390	4248	5058	4799	40.25
392	4301	5155	4879	40.25
394	4348	5262	4960	40.25
396	4395	5368	5040	40.25
398	4442	5472	5121	40.25
400	4489	5579	5201	NA
