"depth"	"constant"	"bad.extra"	"good.extra"	"best.extra"	"stars"
1	0	1	1	1	3
2	0	1	1	1	3
3	0	1	1	1	3
4	0	1	1	1	3
5	0	1	1	1	3
6	0	1	1	1	3
7	0	1	1	1	3
8	0	1	1	1	3
9	0	1	1	1	3
10	0	1	1	1	3
11	0	1	1	1	3
12	0	1	1	1	3
13	0	1	1	1	3
14	0	1	1	1	3
15	0	1	1	1	3
16	0	1	1	1	3
17	0	1	1	1	3
18	0	1	1	1	3
19	0	1	1	1	3
20	0	1	1	1	3
21	0	1	1	1	3
22	0	1	1	1	3
23	0	1	1	1	3
24	0	1	1	1	3
25	0	1	1	1	3
26	0	1	1	1	3
27	0	1	1	1	3
28	0	1	1	1	3
29	0	1	1	1	3
30	0	1	1	1	3
31	0	1	1	1	3
32	0	1	1	1	3
33	0	1	1	1	3
34	0	1	1	1	3
35	0	1	1	1	3
36	0	1	1	1	3
37	0	1	1	1	3
38	0	1	1	1	3
39	0	1	1	1	3
40	0	1	1	1	3
41	0	1	1	1	3
42	0	1	1	1	3
43	0	1	1	1	3
44	0	1	1	1	3
45	0	1	1	1	3
46	0	1	1	1	3
47	0	1	1	1	3
48	0	1	1	1	3
49	0	1	1	1	3
50	0	1	1	1	3
51	0	1	1	1	3
52	0	1	1	1	3
53	0	1	1	1	3
54	0	1	1	1	3
55	0	1	1	1	3
56	0	1	1	1	3
57	0	1	1	1	3
58	0	1	1	1	3
59	0	1	1	1	3
60	0	1	1	1	3
61	0	1	1	1	3
62	0	1	1	1	3
63	0	1	1	1	3
64	0	1	1	1	3
65	0	1	1	1	3
66	0	1	1	1	3
67	0	1	1	1	3
68	0	1	1	1	3
69	0	1	1	1	3
70	0	1	1	1	3
71	0	1	1	1	3
72	0	1	1	1	3
73	0	1	1	1	3
74	0	1	1	1	3
75	0	1	1	1	3
76	0	1	1	1	3
77	0	1	1	1	3
78	0	1	1	1	3
79	0	1	1	1	3
80	0	1	1	1	3
81	0	1	1	1	3
82	0	1	1	1	3
83	0	1	1	1	3
84	0	1	1	1	3
85	0	1	1	1	3
86	0	1	1	1	3
87	0	1	1	1	3
88	0	1	1	1	3
89	0	1	1	1	3
90	0	1	1	1	3
91	0	1	1	1	3
92	0	1	1	1	3
93	0	1	1	1	3
94	0	1	1	1	3
95	0	1	1	1	3
96	1	1	1	1	4
97	1	1	1	1	4
98	1	1	1	1	4
99	1	1	1	1	4
100	1	1	1	1	4
101	1	1	1	1	4
102	1	1	1	1	4
103	1	1	1	1	4
104	1	1	1	1	4
105	1	1	1	1	4
106	1	1	1	1	4
107	1	1	1	1	4
108	1	1	1	1	4
109	1	1	1	1	4
110	1	1	1	1	4
111	1	1	1	1	4
112	1	1	1	1	4
113	1	1	1	1	4
114	1	1	1	1	4
115	1	1	1	1	4
116	1	1	1	1	4
117	1	1	1	1	4
118	1	1	1	1	4
119	1	1	1	1	4
120	1	1	1	1	4
121	1	1	1	1	4
122	1	1	1	1	4
123	1	1	1	1	4
124	1	1	1	1	4
125	1	1	1	1	4
126	1	1	1	1	4
127	1	1	1	1	4
128	1	1	1	1	4
129	1	1	1	1	4
130	1	1	1	1	4
131	1	1	1	1	4
132	1	1	1	1	4
133	1	1	1	1	4
134	1	1	1	1	4
135	1	1	1	1	4
136	1	1	1	1	4
137	1	1	1	1	4
138	1	1	1	1	4
139	1	1	1	1	4
140	1	1	1	1	4
141	1	1	1	1	4
142	1	1	1	1	4
143	1	1	1	1	4
144	1	1	1	1	4
145	1	1	1	1	4
146	1	1	1	1	4
147	1	1	1	1	4
148	1	1	1	1	4
149	1	1	1	1	4
150	1	1	1	1	4
151	1	1	1	1	4
152	1	1	1	1	4
153	1	1	1	1	4
154	1	1	1	1	4
155	1	1	1	1	4
156	1	1	1	1	4
157	1	1	1	1	4
158	1	1	1	1	4
159	1	1	1	1	4
160	1	1	1	1	4
161	1	1	1	1	4
162	1	1	1	1	4
163	1	1	1	1	4
164	1	1	1	1	4
165	1	1	1	1	4
166	1	1	1	1	4
167	1	1	1	1	4
168	1	1	1	1	4
169	1	1	1	1	4
170	1	1	1	1	4
171	1	1	1	1	4
172	1	1	1	1	4
173	1	1	1	1	4
174	1	1	1	1	4
175	1	1	1	1	4
176	1	1	1	1	4
177	1	1	1	1	4
178	1	1	1	1	4
179	1	1	1	1	4
180	1	1	1	1	4
181	1	1	1	1	4
182	1	1	1	1	4
183	1	1	1	1	4
184	1	1	1	1	4
185	1	1	1	1	4
186	1	1	1	1	4
187	1	1	1	1	4
188	1	1	1	1	4
189	1	1	1	1	4
190	1	1	1	1	4
191	1	1	1	1	4
192	1	1	1	1	4
193	1	1	1	1	4
194	1	1	1	1	4
195	1	1	1	1	4
196	1	1	1	1	4
197	1	1	1	1	4
198	1	1	1	1	4
199	1	1	1	1	4
200	1	1	1	1	4
201	1	1	1	1	4
202	1	1	1	1	4
203	1	1	1	1	4
204	1	1	1	1	4
205	1	1	1	1	4
206	1	1	1	1	4
207	1	1	1	1	4
208	1	1	1	1	4
209	1	1	1	1	4
210	1	1	1	1	4
211	1	1	1	1	4
220	1	1	1	1	4
226	1	1	1	1	4
232	1	1	1	1	4
238	1	1	1	1	4
244	1	1	1	1	4
250	1	1	1	1	4
256	1	1	1	1	4
262	1	1	1	1	4
268	1	1	1	1	4
274	1	1	1	1	4
280	1	1	1	1	4
286	1	1	1	1	4
292	1	1	1	1	4
298	1	1	1	1	4
304	1	1	1	1	4
310	1	1	1	1	4
316	1	1	1	1	4
322	1	1	1	1	4
328	1	1	1	1	4
334	1	1	1	1	4
340	1	1	1	1	4
346	1	1	1	1	4
352	1	1	1	1	4
358	1	1	1	1	4
364	1	1	1	1	4
370	1	1	1	1	4
376	1	1	1	1	4
382	1	1	1	1	4
388	1	1	1	1	4
394	1	1	1	1	4
400	1	1	1	1	4
406	1	1	1	1	4
412	1	1	1	1	4
418	1	1	1	1	4
424	1	1	1	1	4
430	1	1	1	1	4
436	1	1	1	1	4
442	1	1	1	1	4
448	1	1	1	1	4
454	1	1	1	1	4
460	1	1	1	1	4
466	1	1	1	1	4
472	1	1	1	1	4
478	1	1	1	1	4
484	1	1	1	1	4
490	1	1	1	1	4
496	1	1	1	1	4
502	1	1	1	1	4
508	1	1	1	1	4
514	1	1	1	1	4
520	1	1	1	1	4
526	1	1	1	1	4
532	1	1	1	1	4
538	1	1	1	1	4
544	1	1	1	1	4
550	1	1	1	1	4
556	1	1	1	1	4
562	1	1	1	1	4
568	1	1	1	1	4
574	1	1	1	1	4
580	1	1	1	1	4
586	1	1	1	1	4
592	1	1	1	1	4
598	1	1	1	1	4
604	1	1	1	1	4
610	1	1	1	1	4
616	1	1	1	1	4
622	1	1	1	1	4
628	1	1	1	1	4
634	1	1	1	1	4
640	1	1	1	1	4
646	1	1	1	1	4
652	1	1	1	1	4
658	1	1	1	1	4
664	1	1	1	1	4
670	1	1	1	1	4
676	1	1	1	1	4
682	1	1	1	1	4
688	1	1	1	1	4
694	1	1	1	1	4
700	1	1	1	1	4
706	1	1	1	1	4
712	1	1	1	1	4
718	1	1	1	1	4
724	1	1	1	1	4
730	1	1	1	1	4
736	1	1	1	1	4
742	1	1	1	1	4
748	1	1	1	1	4
754	1	1	1	1	4
760	1	1	1	1	4
766	1	1	1	1	4
772	1	1	1	1	4
778	1	1	1	1	4
784	1	1	1	1	4
790	1	1	1	0	3
796	1	1	1	0	3
802	1	1	1	1	4
808	1	1	1	1	4
814	1	1	1	1	4
820	1	1	1	1	4
826	1	1	1	1	4
832	1	1	1	1	4
838	1	1	1	1	4
844	1	1	1	1	4
850	1	1	1	1	4
856	1	1	1	1	4
862	1	1	1	1	4
868	1	1	1	1	4
874	1	1	1	1	4
880	1	1	1	1	4
886	1	1	1	1	4
892	1	1	1	1	4
898	1	1	1	1	4
904	1	1	1	1	4
910	1	1	1	1	4
916	1	1	1	1	4
922	1	1	1	1	4
928	1	1	1	1	4
934	1	1	1	1	4
940	1	1	1	1	4
946	1	1	1	1	4
952	1	1	1	1	4
958	1	1	1	1	4
964	1	1	1	1	4
970	1	1	1	1	4
976	1	1	1	1	4
982	1	1	1	1	4
988	1	1	1	1	4
994	1	1	1	1	4
1000	1	1	1	1	4
1006	1	1	1	1	4
1012	1	1	1	1	4
1018	1	1	1	1	4
1024	1	1	1	1	4
1030	1	1	1	1	4
1036	1	1	1	1	4
1042	1	1	1	1	4
1048	1	1	1	1	4
1054	1	1	1	1	4
1060	1	1	1	1	4
1066	1	1	1	1	4
1072	1	1	1	1	4
1078	1	1	1	1	4
1084	1	1	1	1	4
1090	1	1	1	1	4
1096	1	1	1	1	4
1102	1	1	1	1	4
1108	1	1	1	1	4
1114	1	1	1	1	4
1120	1	1	1	1	4
1126	1	1	1	1	4
1132	1	1	1	1	4
1138	1	1	1	1	4
1144	1	1	1	1	4
1150	1	1	1	1	4
1156	1	1	1	1	4
1162	1	1	1	1	4
1168	1	1	1	1	4
1174	1	1	1	1	4
1180	1	1	1	1	4
1186	1	1	1	1	4
1192	1	1	1	1	4
1198	1	1	1	1	4
1204	1	1	1	1	4
1210	1	1	1	1	4
1216	1	1	1	1	4
1222	1	1	1	1	4
1228	1	1	1	1	4
1234	1	1	1	1	4
1240	1	1	1	1	4
1246	1	1	1	1	4
