34			
39			
48			
54			
58			
67			
72			
80			
84			
94			
104			
110			
119			
126			
161			
171			
179			
184			
197			
204			
206			
211			
215			
223			
229			
233			
244			
253			
257			
264			
271			
276			
283			
292			
299			
304	
308			
313			
320			
329			
334			
338			
347			
354			
358			
363			
369			
375			
379			
382			
397			
404			
409			
415			
428			
432			
441			
447			
454			
459			
465			
470			
477			
485			
489			
493			
498			
503			
508	
515			
522			
524			
526			
529			
