"depth"	"constant"	"bad.extra"	"good.extra"	"best.extra"	"stars"
0	0	1	1	1	3
5	0	1	1	1	3
6	0	1	1	1	3
8	0	1	1	1	3
10	0	1	1	1	3
13	0	1	1	1	3
15	0	1	1	1	3
18	0	1	1	1	3
20	0	1	1	1	3
23	0	1	1	1	3
25	0	1	1	1	3
28	0	1	1	1	3
30	0	1	1	1	3
33	0	1	1	1	3
35	0	1	1	1	3
38	0	1	1	1	3
40	0	1	1	1	3
43	0	1	1	1	3
44	0	1	1	1	3
47	0	1	1	1	3
48.5	0	1	1	1	3
50	0	1	1	1	3
53	1	1	1	1	4
55	1	1	1	1	4
58	1	1	1	1	4
60	1	1	1	1	4
63	1	1	1	1	4
65	1	1	1	1	4
68	1	1	1	1	4
70	1	1	1	1	4
73	1	1	1	1	4
77	1	1	1	1	4
78	1	1	1	1	4
80	1	1	1	1	4
83	1	1	1	1	4
87	1	1	1	1	4
88	1	1	1	1	4
90	1	1	1	1	4
93	1	1	1	1	4
95	1	1	1	1	4
97	1	1	1	1	4
100	1	1	1	1	4
105	1	1	1	1	4
106	1	1	1	1	4
108	1	1	1	1	4
110	1	1	1	1	4
113	1	1	1	1	4
115	1	1	1	1	4
118	1	1	1	1	4
120	1	1	1	1	4
123	1	1	1	1	4
125	1	1	1	1	4
128	1	1	1	1	4
130	1	1	1	1	4
133	1	1	1	1	4
135	1	1	1	1	4
138	1	1	1	1	4
140	1	1	1	1	4
143	1	1	1	1	4
145	1	1	1	1	4
148	1	1	1	1	4
150	1	1	1	1	4
153	1	1	1	1	4
155	1	1	1	1	4
158	1	1	1	1	4
160	1	1	1	1	4
163	1	1	1	1	4
165	1	1	1	1	4
168	1	1	1	1	4
170	1	1	1	1	4
173	1	1	1	1	4
175	1	1	1	1	4
178	1	1	1	1	4
180	1	1	1	1	4
183	1	1	1	1	4
188	1	1	1	1	4
190	1	1	1	1	4
193	1	1	1	1	4
195	1	1	1	1	4
197.5	1	1	1	1	4
200	1	1	1	1	4
203	1	1	1	1	4
205	1	1	1	1	4
208	1	1	1	1	4
210	1	1	1	1	4
213	1	1	1	1	4
215	1	1	1	1	4
218	1	1	1	1	4
220	1	1	1	1	4
223	1	1	1	1	4
225	1	1	1	1	4
228	1	1	1	1	4
230	1	1	1	1	4
233	1	1	1	1	4
235	1	1	1	1	4
238	1	1	1	1	4
240	1	1	1	1	4
243	1	1	1	1	4
245	1	1	1	1	4
248	1	1	1	1	4
250	1	1	1	1	4
253	1	1	1	1	4
255	1	1	1	1	4
258	1	1	1	1	4
260	1	1	1	1	4
263	1	1	1	1	4
265	1	1	1	1	4
268	1	1	1	1	4
270	1	1	1	1	4
273	1	1	1	1	4
275	1	1	1	1	4
278	1	1	1	1	4
280	1	1	1	1	4
283	1	1	1	1	4
285	1	1	1	1	4
288	1	1	1	1	4
290	1	1	1	1	4
293	1	1	1	1	4
295	1	1	1	1	4
298	1	1	1	1	4
300	1	1	1	1	4
303	1	1	1	1	4
305	1	1	1	1	4
308	1	1	1	1	4
310	1	1	1	1	4
315	1	1	1	1	4
318	1	1	1	1	4
320	1	1	1	1	4
323	1	1	1	1	4
325	1	1	1	1	4
328	1	1	1	1	4
330	1	1	1	1	4
333	1	1	1	1	4
335	1	1	1	1	4
338	1	1	1	1	4
340	1	1	1	1	4
343	1	1	1	1	4
345	1	1	1	1	4
348	1	1	1	1	4
350	1	1	1	1	4
353	1	1	1	1	4
355	1	1	1	1	4
358	1	1	1	1	4
360	1	1	1	1	4
363	0	1	1	1	3
365	0	1	1	1	3
368	1	1	1	1	4
370	1	1	1	1	4
373	1	1	1	1	4
375	1	1	1	1	4
378	1	1	1	1	4
380	1	1	1	1	4
383	1	1	1	1	4
385	1	1	1	1	4
388	1	1	1	1	4
390	1	1	1	1	4
393	1	1	1	1	4
395	1	1	1	1	4
397	1	1	1	1	4
400	1	1	1	1	4
405	1	1	1	1	4
408	1	1	1	1	4
410	1	1	1	1	4
418	0	1	1	1	3
420	0	1	1	1	3
425	0	1	1	1	3
428	0	1	1	1	3
430	0	1	1	1	3
435	0	1	1	1	3
436	0	1	1	1	3
438	0	1	1	1	3
440	0	1	1	1	3
445	1	1	1	1	4
448	1	1	1	1	4
450	1	1	1	1	4
455	1	1	1	1	4
458	0	1	1	1	3
460	0	1	1	1	3
465	0	1	1	1	3
468	0	1	1	1	3
470	0	1	1	1	3
475	0	1	1	1	3
478	0	1	1	1	3
480	0	1	1	1	3
485	1	1	1	1	4
488	1	1	1	1	4
490	1	1	1	1	4
495	1	1	1	1	4
498	1	1	1	1	4
500	1	1	1	1	4
510	1	1	1	1	4
515	1	1	1	1	4
520	1	1	1	1	4
528	1	1	1	1	4
530	1	1	1	1	4
535	1	1	1	1	4
540	1	1	1	1	4
545	1	1	1	1	4
550	1	1	1	1	4
555	1	1	1	1	4
560	1	1	1	1	4
565	1	1	1	1	4
570	1	1	1	1	4
575	1	1	1	1	4
580	1	1	1	1	4
585	1	1	1	1	4
590	1	1	1	1	4
595	1	1	1	1	4
600	1	1	1	1	4
605	1	1	1	1	4
610	1	1	1	1	4
615	1	1	1	1	4
620	1	1	1	1	4
625	1	1	1	1	4
630	1	1	1	0	3
635	1	1	1	0	3
640	1	1	1	0	3
645	1	1	1	0	3
650	1	1	1	0	3
655	1	1	1	0	3
660	1	1	1	0	3
665	1	1	0	0	2
670	1	1	0	0	2
675	1	1	0	0	2
680	1	1	0	0	2
685	1	1	0	0	2
690	1	1	0	0	2
695	1	1	0	0	2
700	1	1	0	0	2
703	1	1	0	0	2
705	1	1	0	0	2
710	1	1	0	0	2
715	1	1	0	0	2
720	1	1	0	0	2
725	1	1	0	0	2
730	1	1	0	0	2
735	1	1	1	1	4
740	1	1	1	1	4
745	1	1	1	1	4
750	1	1	1	1	4
755	1	1	1	1	4
760	1	1	1	1	4
765	1	1	1	1	4
770	1	1	1	1	4
775	1	1	1	1	4
780	1	1	1	1	4
785	1	1	1	1	4
790	1	1	1	1	4
795	1	1	1	1	4
800	1	1	1	1	4
805	1	1	1	1	4
810	1	1	1	1	4
815	1	1	1	1	4
820	1	1	1	1	4
825	1	1	1	1	4
830	1	1	1	1	4
835	1	1	1	1	4
840	1	1	1	1	4
845	1	1	1	1	4
850	1	1	1	1	4
855	1	1	1	1	4
860	1	1	1	1	4
865	1	1	1	1	4
870	1	1	1	1	4
875	1	1	1	1	4
880	1	1	1	1	4
885	1	1	1	1	4
890	1	1	1	1	4
895	1	1	1	1	4
900	1	1	1	1	4
903	1	1	1	1	4
905	1	1	1	1	4
910	1	1	1	1	4
915	1	1	1	1	4
920	1	1	1	1	4
925	1	1	1	1	4
930	1	1	1	1	4
935	1	1	1	1	4
940	1	1	1	1	4
945	1	1	1	1	4
950	1	1	1	1	4
955	1	1	1	1	4
960	1	1	1	1	4
965	1	1	1	1	4
975	1	1	1	1	4
980	1	1	1	1	4
984	1	1	1	1	4
985	1	1	1	1	4
990	1	1	1	1	4
1000	1	1	1	1	4
