0
5
6
8
10
13
15
18
20
23
25
28
30
33
35
38
40
43
44
47
48.5
50
53
55
58
60
63
65
68
70
73
77
78
80
83
87
88
90
93
95
97
100
105
106
108
110
113
115
118
120
123
125
128
130
133
135
138
140
143
145
148
150
153
155
158
160
163
165
168
170
173
175
178
180
183
188
190
193
195
197.5
200
203
205
208
210
213
215
218
220
223
225
228
230
233
235
238
240
243
245
248
250
253
255
258
260
263
265
268
270
273
275
278
280
283
285
288
290
293
295
298
300
303
305
308
310
315
318
320
323
325
328
330
333
335
338
340
343
345
348
350
353
355
358
360
363
365
368
370
373
375
378
380
383
385
388
390
393
395
397
400
405
408
410
418
420
425
428
430
435
436
438
440
445
448
450
455
458
460
465
468
470
475
478
480
485
488
490
495
498
500
510
515
520
528
530
535
540
545
550
555
560
565
570
575
580
585
590
595
600
605
610
615
620
625
630
635
640
645
650
655
660
665
670
675
680
685
690
695
700
703
705
710
715
720
725
730
735
740
745
750
755
760
765
770
775
780
785
790
795
800
805
810
815
820
825
830
835
840
845
850
855
860
865
870
875
880
885
890
895
900
903
905
910
915
920
925
930
935
940
945
950
955
960
965
975
980
984
985
990
1000
