"depth"	"constant"	"bad.extra"	"good.extra"	"best.extra"	"stars"
0	0	1	1	1	3
5	0	1	1	1	3
6	0	1	1	1	3
8	0	1	1	1	3
10	0	1	1	1	3
13	0	1	1	1	3
15	0	1	1	1	3
18	0	1	1	1	3
20	0	1	1	1	3
23	0	1	1	1	3
25	0	1	1	1	3
28	0	1	1	1	3
30	0	1	1	1	3
33	0	1	1	1	3
35	0	1	1	1	3
38	0	1	1	1	3
40	0	1	1	1	3
43	0	1	1	1	3
44	0	1	1	1	3
47	0	1	1	1	3
48.5	0	1	1	1	3
50	0	1	1	1	3
53	0	1	1	1	3
55	0	1	1	1	3
58	0	1	1	1	3
60	0	1	1	1	3
63	0	1	1	1	3
65	0	1	1	1	3
68	0	1	1	1	3
70	0	1	1	1	3
73	0	1	1	1	3
77	0	1	1	1	3
78	0	1	1	1	3
80	0	1	1	1	3
83	1	1	1	1	4
87	1	1	1	1	4
88	1	1	1	1	4
90	1	1	1	1	4
93	1	1	1	1	4
95	1	1	1	1	4
97	1	1	1	1	4
100	1	1	1	1	4
105	1	1	1	1	4
106	1	1	1	1	4
108	1	1	1	1	4
110	1	1	1	1	4
113	1	1	1	1	4
115	1	1	1	1	4
118	1	1	1	1	4
120	1	1	1	1	4
123	1	1	1	1	4
125	1	1	1	1	4
128	1	1	1	1	4
130	1	1	1	1	4
133	1	1	1	1	4
135	1	1	1	1	4
138	1	1	1	1	4
140	1	1	1	1	4
143	1	1	1	1	4
145	1	1	1	1	4
148	1	1	1	1	4
150	1	1	1	1	4
153	1	1	1	1	4
155	1	1	1	1	4
158	1	1	1	1	4
160	1	1	1	1	4
163	1	1	1	1	4
165	1	1	1	1	4
168	1	1	1	1	4
170	1	1	1	1	4
173	1	1	1	1	4
175	1	1	1	1	4
178	1	1	1	1	4
180	1	1	1	1	4
183	1	1	1	1	4
188	1	1	1	1	4
190	1	1	1	1	4
193	1	1	1	1	4
195	1	1	1	1	4
197.5	1	1	1	1	4
200	1	1	1	1	4
203	1	1	1	1	4
205	1	1	1	1	4
208	1	1	1	1	4
210	1	1	1	1	4
213	1	1	1	1	4
215	1	1	1	1	4
218	1	1	1	1	4
220	1	1	1	1	4
223	1	1	1	1	4
225	1	1	1	1	4
228	1	1	1	1	4
230	1	1	1	1	4
233	1	1	1	1	4
235	1	1	1	1	4
238	1	1	1	1	4
240	1	1	1	1	4
243	1	1	1	1	4
245	1	1	1	1	4
248	1	1	1	1	4
250	1	1	1	1	4
253	1	1	1	1	4
255	1	1	1	1	4
258	1	1	1	1	4
260	1	1	1	1	4
263	1	1	1	1	4
265	1	1	1	1	4
268	1	1	1	1	4
270	1	1	1	1	4
273	1	1	1	1	4
275	1	1	1	1	4
278	1	1	1	1	4
280	1	1	1	1	4
283	1	1	1	1	4
285	1	1	1	1	4
288	1	1	1	1	4
290	1	1	1	1	4
293	1	1	1	1	4
295	1	1	1	1	4
298	1	1	1	1	4
300	1	1	1	1	4
303	1	1	1	1	4
305	1	1	1	1	4
308	1	1	1	1	4
310	1	1	1	1	4
315	1	1	1	1	4
318	1	1	1	1	4
320	1	1	1	1	4
323	1	1	1	1	4
325	1	1	1	1	4
328	1	1	1	1	4
330	1	1	1	1	4
333	1	1	1	1	4
335	1	1	1	1	4
338	1	1	1	1	4
340	1	1	1	1	4
343	1	1	1	1	4
345	1	1	1	1	4
348	1	1	1	1	4
350	1	1	1	1	4
353	1	1	1	1	4
355	1	1	1	1	4
358	1	1	1	1	4
360	1	1	1	1	4
363	0	1	1	1	3
365	1	1	1	1	4
368	1	1	1	1	4
370	1	1	1	1	4
373	1	1	1	1	4
375	1	1	1	1	4
378	1	1	1	1	4
380	1	1	1	1	4
383	1	1	1	1	4
385	1	1	1	1	4
388	1	1	1	1	4
390	1	1	1	1	4
393	1	1	1	1	4
395	1	1	1	1	4
397	1	1	1	1	4
400	1	1	1	1	4
405	1	1	1	1	4
408	1	1	1	1	4
410	1	1	1	1	4
418	0	1	1	1	3
420	0	1	1	1	3
425	0	1	1	1	3
428	0	1	1	1	3
430	0	1	1	1	3
435	0	1	1	1	3
436	0	1	1	1	3
438	0	1	1	1	3
440	0	1	1	1	3
445	1	1	1	1	4
448	1	1	1	1	4
450	1	1	1	1	4
455	1	1	1	1	4
458	0	1	1	1	3
460	0	1	1	1	3
465	0	1	1	1	3
468	0	1	1	1	3
470	0	1	1	1	3
475	0	1	1	1	3
478	0	1	1	1	3
480	0	1	1	1	3
485	0	1	1	1	3
488	0	1	1	1	3
490	0	1	1	1	3
495	0	1	1	1	3
498	0	1	1	1	3
500	0	1	1	1	3
510	0	1	1	1	3
515	0	1	1	1	3
520	0	1	1	1	3
528	0	1	1	1	3
530	0	1	1	1	3
535	0	1	1	1	3
540	0	1	1	1	3
545	0	1	1	1	3
550	0	1	1	1	3
555	0	1	1	1	3
560	0	1	1	1	3
565	0	1	1	1	3
570	0	1	1	1	3
575	0	1	1	1	3
580	0	1	1	1	3
585	0	1	1	1	3
590	0	1	1	1	3
595	0	1	1	1	3
600	0	1	1	1	3
605	0	1	1	1	3
610	0	1	1	1	3
615	0	1	1	1	3
620	0	1	1	1	3
625	0	1	1	1	3
630	0	1	1	1	3
635	0	1	1	1	3
640	0	1	1	1	3
645	0	1	1	1	3
650	0	1	1	1	3
655	0	1	1	1	3
660	0	1	1	1	3
665	0	1	1	0	2
670	0	1	1	0	2
675	0	1	1	0	2
680	0	1	1	0	2
685	0	1	1	0	2
690	0	1	1	0	2
695	0	1	0	0	1
700	0	1	0	0	1
703	0	1	0	0	1
705	0	1	0	0	1
710	0	1	0	0	1
715	0	1	0	0	1
720	0	1	0	0	1
725	0	1	0	0	1
730	0	1	0	0	1
735	0	1	0	0	1
740	0	1	0	0	1
745	0	1	0	0	1
750	0	1	1	1	3
755	0	1	1	1	3
760	0	1	1	1	3
765	0	1	1	1	3
770	0	1	1	1	3
775	0	1	1	1	3
780	0	1	1	1	3
785	0	1	1	1	3
790	0	1	1	1	3
795	0	1	1	1	3
800	0	1	1	1	3
805	0	1	1	1	3
810	0	1	1	1	3
815	0	1	1	1	3
820	0	1	1	1	3
825	0	1	1	1	3
830	0	1	1	1	3
835	0	1	1	1	3
840	0	1	1	1	3
845	0	1	1	1	3
850	0	1	1	1	3
855	0	1	1	1	3
860	0	1	1	1	3
865	0	1	1	1	3
870	0	1	1	1	3
875	0	1	1	1	3
880	0	1	1	1	3
885	0	1	1	1	3
890	0	1	1	1	3
895	0	1	1	1	3
900	0	1	1	1	3
903	0	1	1	1	3
905	0	1	1	1	3
910	0	1	1	1	3
915	0	1	1	1	3
920	0	1	1	1	3
925	0	1	1	1	3
930	0	1	1	1	3
935	0	1	1	1	3
940	0	1	1	1	3
945	0	1	1	1	3
950	0	1	1	1	3
955	0	1	1	1	3
960	0	1	1	1	3
965	0	1	1	1	3
975	0	1	1	1	3
980	0	1	1	1	3
984	0	1	1	1	3
985	0	1	1	1	3
990	0	1	1	1	3
1000	0	1	1	1	3
