depth	min95%	max95%	best	acc.rate
0	51	392	184	36.52
5	254	547	367	36.52
6	294	578	404	36.52
8	374	639	477	36.52
10	454	703	550	36.52
13	575	798	659	36.52
15	656	863	732	36.52
18	772	958	842	36.4
20	848	1022	914	36.14
23	960	1122	1022	35.47
25	1029	1187	1093	34.83
28	1131	1282	1196	33.59
30	1195	1343	1263	32.57
33	1289	1433	1359	30.77
35	1347	1495	1420	29.37
38	1429	1585	1506	26.99
40	1481	1640	1559	25.22
43	1552	1715	1631	22.28
44	1575	1738	1654	21.22
47	1636	1800	1714	17.82
48.5	1662	1826	1740	16.31
50	1685	1849	1764	14.08
53	1730	1886	1802	10.3
55	1749	1903	1822	8.06
58	1766	1920	1843	5.11
60	1772	1927	1852	3.43
63	1780	1934	1860	1.33
65	1782	1932	1862	0.21
68	1785	1929	1862	-1.04
70	1782	1931	1859	-1.59
73	1771	1930	1854	-1.99
77	1753	1928	1846	-1.74
78	1748	1929	1844	-1.53
80	1740	1931	1842	-0.95
83	1728	1935	1840	0.15
87	1718	1949	1843	1.57
88	1718	1953	1844	1.91
90	1718	1960	1848	2.59
93	1718	1972	1857	3.57
95	1720	1983	1864	4.21
97	1723	1995	1873	4.83
100	1733	2016	1889	5.72
105	1758	2052	1920	7.12
106	1764	2060	1927	7.39
108	1776	2076	1942	7.92
110	1789	2094	1958	8.42
113	1813	2122	1984	9.15
115	1829	2142	2003	9.61
118	1858	2173	2032	10.28
120	1877	2194	2053	10.7
123	1909	2225	2086	11.3
125	1932	2248	2109	11.67
128	1968	2286	2144	12.21
130	1994	2312	2169	12.55
133	2035	2349	2207	13.02
135	2063	2374	2233	13.31
138	2107	2415	2273	13.72
140	2138	2442	2301	13.97
143	2184	2483	2343	14.31
145	2216	2510	2372	14.52
148	2267	2552	2416	14.8
150	2300	2580	2445	14.96
153	2348	2623	2491	15.18
155	2382	2653	2521	15.3
158	2431	2697	2567	15.45
160	2464	2726	2598	15.53
163	2515	2771	2645	15.62
165	2549	2801	2676	15.66
168	2595	2844	2723	15.68
170	2627	2874	2754	15.67
173	2673	2918	2801	15.63
175	2704	2947	2833	15.58
178	2751	2991	2879	15.48
180	2782	3020	2910	15.39
183	2827	3063	2956	15.22
188	2903	3134	3032	14.85
190	2933	3162	3061	14.68
193	2981	3202	3105	14.38
195	3016	3230	3134	14.16
197.5	3052	3265	3169	13.9
200	3091	3297	3203	13.54
203	3132	3337	3243	13.12
205	3158	3363	3269	12.82
208	3196	3401	3307	12.39
210	3221	3426	3332	12.12
213	3257	3464	3368	11.72
215	3280	3490	3391	11.47
218	3311	3526	3425	11.12
220	3331	3550	3448	10.89
223	3359	3587	3480	10.57
225	3379	3612	3501	10.37
228	3411	3647	3532	10.08
230	3425	3672	3552	9.9
233	3451	3708	3581	9.65
235	3465	3730	3600	9.5
238	3491	3765	3629	9.28
240	3506	3789	3647	9.15
243	3529	3822	3675	8.97
245	3543	3843	3692	8.86
248	3561	3876	3719	8.72
250	3571	3896	3736	8.64
253	3595	3929	3762	8.53
255	3608	3948	3779	8.47
258	3630	3978	3804	8.4
260	3647	3999	3821	8.36
263	3670	4026	3846	8.33
265	3688	4044	3863	8.31
268	3712	4070	3888	8.31
270	3727	4087	3904	8.33
273	3752	4111	3929	8.36
275	3768	4127	3946	8.4
278	3796	4150	3971	8.47
280	3815	4164	3988	8.53
283	3843	4185	4014	8.63
285	3859	4198	4031	8.72
288	3891	4217	4058	8.86
290	3909	4230	4075	8.97
293	3939	4248	4103	9.15
295	3963	4263	4121	9.28
298	4001	4277	4149	9.49
300	4024	4288	4168	9.64
303	4065	4311	4197	9.8
305	4095	4327	4217	9.85
308	4132	4353	4246	9.82
310	4153	4368	4266	9.74
315	4198	4418	4314	9.32
318	4222	4448	4341	8.92
320	4231	4462	4359	8.59
323	4251	4488	4384	8
325	4270	4501	4400	7.55
328	4295	4515	4422	6.77
330	4307	4523	4435	6.19
333	4331	4524	4453	5.23
335	4350	4525	4463	4.53
338	4355	4545	4476	3.46
340	4360	4563	4482	2.76
343	4351	4594	4489	1.71
345	4334	4614	4492	1.02
348	4315	4639	4494	-0.01
350	4303	4649	4494	-0.69
353	4296	4648	4491	-1.69
355	4301	4637	4487	-2.36
358	4333	4602	4479	-3.34
360	4366	4563	4472	-3.99
363	4390	4531	4459	-4.11
365	4375	4563	4452	1.1
368	4386	4609	4490	25.88
370	4417	4703	4539	20.69
373	4440	4856	4595	15.2
375	4427	4931	4624	12.68
378	4417	4996	4660	10.48
380	4427	5023	4681	10.08
383	4461	5030	4711	11.08
385	4498	5034	4734	12.8
388	4561	5078	4776	16.99
390	4618	5119	4812	20.85
393	4733	5170	4882	28.23
395	4829	5196	4941	34.21
397	4910	5230	5013	39.8
400	5026	5293	5136	42.05
405	5149	5399	5300	-6.55
408	5122	5348	5251	-17.85
410	5108	5324	5229	13.49
418	5217	5414	5326	-33.94
420	5151	5383	5257	-28.53
425	5057	5291	5171	-6.29
428	4991	5312	5155	-5.32
430	4911	5360	5143	-7.17
435	4814	5454	5109	0.93
436	4819	5471	5110	7.09
438	4853	5477	5132	24.02
440	4927	5479	5190	47.08
445	5268	5541	5409	39.38
448	5357	5711	5535	43.91
450	5434	5806	5621	38.83
455	5584	5888	5749	-2.23
458	5588	5806	5703	-36.45
460	5510	5743	5629	-31.52
465	5526	5823	5660	58.47
468	5701	5920	5829	33.59
470	5766	5940	5872	-7.57
475	5746	5905	5823	8.85
478	5794	5953	5871	23.22
480	5826	5986	5914	11.48
485	5789	5958	5862	-16.04
488	5722	5985	5838	6.72
490	5727	6018	5858	18.54
495	5845	6122	5993	36.31
498	5954	6205	6105	38.9
500	6012	6279	6183	37.39
510	6178	6752	6507	26.73
515	6241	6935	6631	21.99
520	6292	7080	6732	17.64
528	6367	7242	6851	11.5
530	6383	7270	6874	10.12
535	6421	7320	6918	6.95
540	6458	7344	6947	4.17
545	6493	7346	6963	1.79
550	6529	7329	6968	-0.21
555	6560	7297	6963	-1.81
560	6589	7249	6952	-3.02
565	6621	7194	6935	-3.84
570	6654	7133	6914	-4.27
575	6681	7075	6893	-4.3
580	6706	7017	6872	-3.94
585	6725	6967	6854	-3.19
590	6733	6941	6840	-2.05
595	6727	6947	6832	-0.62
600	6699	6974	6832	0.77
605	6681	7012	6839	2.12
610	6669	7056	6852	3.41
615	6665	7104	6871	4.66
620	6668	7160	6897	5.85
625	6681	7219	6929	7
630	6699	7281	6966	8.09
635	6724	7340	7008	9.13
640	6756	7406	7056	10.13
645	6796	7476	7109	11.07
650	6843	7546	7166	11.96
655	6898	7617	7227	12.81
660	6958	7691	7293	13.6
665	7025	7770	7362	14.34
670	7096	7850	7436	15.03
675	7170	7930	7512	15.67
680	7250	8012	7592	16.26
685	7336	8092	7674	16.8
690	7423	8175	7759	17.29
695	7515	8257	7846	17.73
700	7609	8340	7936	18.12
703	7666	8390	7990	18.33
705	7705	8422	8027	18.46
710	7804	8509	8120	18.75
715	7907	8594	8214	18.99
720	8009	8680	8310	19.18
725	8113	8771	8406	19.32
730	8221	8858	8503	19.41
735	8326	8944	8600	19.44
740	8431	9038	8697	19.43
745	8538	9133	8794	19.37
750	8645	9226	8891	19.25
755	8747	9315	8987	19.09
760	8850	9399	9082	18.88
765	8953	9494	9176	18.61
770	9049	9587	9268	18.3
775	9143	9672	9359	17.93
780	9232	9766	9448	17.52
785	9323	9857	9534	17.05
790	9410	9945	9619	16.54
795	9490	10029	9700	15.97
800	9566	10105	9779	15.35
805	9637	10179	9854	14.73
810	9707	10253	9927	14.12
815	9776	10321	9996	13.52
820	9839	10387	10063	12.94
825	9902	10451	10126	12.38
830	9957	10510	10187	11.83
835	10012	10567	10245	11.3
840	10068	10620	10300	10.79
845	10119	10666	10353	10.29
850	10167	10714	10404	9.81
855	10215	10761	10452	9.34
860	10259	10805	10498	8.89
865	10303	10842	10541	8.45
870	10348	10876	10583	8.03
875	10391	10910	10622	7.63
880	10431	10940	10659	7.24
885	10469	10968	10695	6.87
890	10508	10993	10729	6.52
895	10541	11018	10760	6.18
900	10570	11040	10791	5.85
903	10590	11052	10808	5.67
905	10600	11060	10819	5.55
910	10633	11079	10846	5.26
915	10665	11097	10872	4.98
920	10692	11113	10897	4.72
925	10717	11125	10920	4.48
930	10742	11140	10942	4.25
935	10762	11151	10962	4.04
940	10781	11162	10982	3.84
945	10798	11169	11001	3.66
950	10813	11174	11019	3.5
955	10818	11182	11036	3.35
960	10827	11191	11053	3.22
965	10839	11199	11069	3.11
975	10857	11211	11099	2.92
980	10865	11220	11113	2.86
984	10870	11230	11125	2.81
985	10871	11231	11127	2.8
990	10880	11239	11141	2.77
1000	10894	11270	11169	NA
