depth	min95%	max95%	best	acc.rate
1	-98	86	5	8.24
2	-90	94	13	8.24
3	-80	101	21	8.24
4	-70	108	29	8.24
5	-61	116	37	8.25
6	-51	123	46	8.25
7	-41	131	54	8.26
8	-31	138	62	8.26
9	-22	146	70	8.27
10	-14	154	79	8.28
11	-4	161	87	8.29
12	6	168	95	8.3
13	16	176	104	8.31
14	27	184	112	8.32
15	36	191	120	8.34
16	45	199	129	8.35
17	53	207	137	8.36
18	62	215	145	8.38
19	70	223	154	8.4
20	80	231	162	8.41
21	88	240	170	8.43
22	96	248	179	8.45
23	106	256	187	8.47
24	116	264	196	8.49
25	126	272	204	8.51
26	135	280	213	8.54
27	143	288	221	8.56
28	152	297	230	8.58
29	161	305	239	8.61
30	170	313	247	8.63
31	179	322	256	8.66
32	187	331	264	8.69
33	196	339	273	8.72
34	205	348	282	8.75
35	215	356	291	8.78
36	223	365	299	8.81
37	232	374	308	8.84
38	241	383	317	8.87
39	251	391	326	8.91
40	259	400	335	8.94
41	268	409	344	8.98
42	276	419	353	9.01
43	285	428	362	9.05
44	293	437	371	9.09
45	302	447	380	9.13
46	310	455	389	9.17
47	320	464	398	9.21
48	329	474	407	9.25
49	338	484	417	9.29
50	348	493	426	9.34
51	356	502	435	9.38
52	366	512	445	9.42
53	376	522	454	9.47
54	386	532	464	9.52
55	396	542	473	9.57
56	406	552	483	9.61
57	416	562	492	9.66
58	425	572	502	9.71
59	435	582	512	9.76
60	445	592	521	9.82
61	455	602	531	9.87
62	465	612	541	9.92
63	476	622	551	9.98
64	485	632	561	10.03
65	495	642	571	10.09
66	505	652	581	10.15
67	515	662	591	10.21
68	526	672	601	10.26
69	536	682	612	10.32
70	547	692	622	10.39
71	558	703	632	10.45
72	568	713	643	10.51
73	579	723	653	10.57
74	589	734	664	10.64
75	600	744	675	10.7
76	611	755	685	10.77
77	623	766	696	10.84
78	634	776	707	10.9
79	645	787	718	10.97
80	656	798	729	11.04
81	667	809	740	11.11
82	678	820	751	11.18
83	689	831	762	11.25
84	699	842	773	11.33
85	710	854	785	11.4
86	722	865	796	11.48
87	733	877	808	11.55
88	744	888	819	11.63
89	756	900	831	11.71
90	768	912	842	11.78
91	779	924	854	11.86
92	791	936	866	11.94
93	802	948	878	12.02
94	813	960	890	12.1
95	824	973	902	12.17
96	836	987	914	12.25
97	847	1000	927	12.33
98	859	1014	939	12.4
99	871	1028	951	12.48
100	883	1042	964	12.55
101	894	1055	976	12.63
102	906	1069	989	12.7
103	919	1083	1002	12.78
104	930	1097	1014	12.85
105	942	1111	1027	12.92
106	954	1125	1040	13
107	966	1140	1053	13.07
108	979	1154	1066	13.14
109	991	1169	1079	13.21
110	1003	1184	1093	13.28
111	1016	1199	1106	13.35
112	1028	1214	1119	13.42
113	1041	1230	1133	13.49
114	1051	1245	1146	13.56
115	1064	1261	1160	13.63
116	1076	1276	1173	13.69
117	1088	1292	1187	13.76
118	1100	1307	1201	13.83
119	1112	1323	1215	13.9
120	1125	1339	1229	13.96
121	1139	1354	1242	14.03
122	1152	1370	1257	14.09
123	1165	1386	1271	14.16
124	1177	1402	1285	14.22
125	1190	1420	1299	14.29
126	1202	1435	1313	14.35
127	1215	1451	1328	14.41
128	1228	1468	1342	14.47
129	1240	1484	1357	14.54
130	1253	1502	1371	14.6
131	1265	1518	1386	14.66
132	1278	1535	1400	14.72
133	1291	1551	1415	14.78
134	1304	1569	1430	14.84
135	1317	1586	1445	14.9
136	1331	1602	1460	14.96
137	1343	1619	1474	15.02
138	1356	1636	1490	15.08
139	1369	1653	1505	15.13
140	1383	1671	1520	15.19
141	1396	1690	1535	15.25
142	1410	1707	1550	15.3
143	1424	1723	1565	15.36
144	1438	1742	1581	15.41
145	1451	1761	1596	15.47
146	1464	1779	1612	15.52
147	1478	1797	1627	15.58
148	1492	1814	1643	15.63
149	1507	1832	1658	15.68
150	1521	1850	1674	15.74
151	1536	1868	1690	15.79
152	1550	1886	1706	15.84
153	1564	1905	1721	15.89
154	1578	1924	1737	15.94
155	1593	1942	1753	15.99
156	1607	1959	1769	16.04
157	1622	1976	1785	16.09
158	1637	1994	1801	16.14
159	1652	2011	1818	16.19
160	1667	2030	1834	16.24
161	1683	2048	1850	16.29
162	1699	2067	1866	16.33
163	1714	2085	1883	16.38
164	1729	2103	1899	16.43
165	1744	2122	1915	16.47
166	1760	2140	1932	16.52
167	1775	2159	1948	16.56
168	1791	2177	1965	16.61
169	1806	2195	1982	16.65
170	1822	2213	1998	16.7
171	1838	2231	2015	16.74
172	1855	2249	2032	16.78
173	1872	2267	2049	16.83
174	1890	2285	2065	16.87
175	1906	2302	2082	16.91
176	1924	2320	2099	16.95
177	1943	2338	2116	16.99
178	1961	2356	2133	17.03
179	1975	2373	2150	17.07
180	1994	2390	2167	17.11
181	2012	2406	2184	17.15
182	2029	2423	2201	17.19
183	2047	2439	2219	17.23
184	2065	2455	2236	17.26
185	2081	2470	2253	17.3
186	2100	2487	2270	17.34
187	2117	2504	2288	17.37
188	2136	2521	2305	17.41
189	2155	2540	2323	17.44
190	2174	2557	2340	17.48
191	2192	2578	2357	17.51
192	2211	2594	2375	17.55
193	2228	2611	2392	17.58
194	2247	2628	2410	17.61
195	2264	2646	2428	17.65
196	2281	2663	2445	17.68
197	2299	2681	2463	17.71
198	2315	2696	2481	17.75
199	2331	2710	2498	17.8
200	2347	2726	2516	17.85
201	2363	2744	2534	17.91
202	2379	2762	2552	17.98
203	2396	2779	2570	18.06
204	2414	2796	2588	18.14
205	2430	2812	2606	18.24
206	2448	2830	2624	18.34
207	2463	2847	2643	18.44
208	2481	2864	2661	18.56
209	2498	2882	2680	18.68
210	2515	2901	2698	18.81
211	2533	2915	2717	18.95
212	2553	2937	2736	19.09
213	2571	2957	2755	19.24
214	2588	2975	2775	19.4
215	2606	2997	2794	19.57
216	2624	3021	2814	19.74
217	2643	3042	2833	19.93
218	2664	3064	2853	20.12
219	2680	3086	2873	20.31
220	2699	3109	2894	20.52
221	2718	3130	2914	20.73
222	2737	3151	2935	20.95
223	2755	3172	2956	21.18
224	2777	3196	2977	21.41
225	2797	3221	2998	21.66
226	2818	3246	3020	21.91
227	2841	3272	3042	22.16
228	2862	3299	3064	22.43
229	2883	3321	3087	22.7
230	2904	3342	3109	22.98
231	2925	3368	3132	23.27
232	2946	3394	3156	23.57
233	2970	3421	3179	23.87
234	2994	3448	3203	24.18
235	3019	3475	3227	24.5
236	3042	3501	3252	24.82
237	3067	3527	3276	25.15
238	3092	3553	3302	25.49
239	3116	3583	3327	25.84
240	3142	3610	3353	26.2
241	3168	3637	3379	26.56
242	3195	3665	3406	26.93
243	3222	3695	3433	27.31
244	3251	3724	3460	27.7
245	3283	3755	3488	28.09
246	3313	3787	3516	28.49
247	3342	3817	3544	28.9
248	3374	3851	3573	29.31
249	3404	3882	3602	29.74
250	3437	3913	3632	30.17
251	3469	3944	3662	30.61
252	3503	3973	3693	31.05
253	3539	4003	3724	31.5
254	3574	4033	3756	31.97
255	3610	4064	3787	32.43
256	3645	4097	3820	32.91
257	3682	4132	3853	33.39
258	3720	4163	3886	33.88
259	3756	4197	3920	34.38
260	3795	4232	3955	34.89
261	3831	4266	3989	35.4
262	3867	4296	4025	35.92
263	3903	4330	4061	36.45
264	3933	4364	4097	36.99
265	3972	4395	4134	37.53
266	4012	4432	4172	38.04
267	4055	4470	4210	38.53
268	4097	4507	4248	38.99
269	4138	4538	4287	39.41
270	4177	4570	4327	39.81
271	4215	4601	4366	40.19
272	4252	4640	4407	40.53
273	4285	4676	4447	40.84
274	4322	4713	4488	41.13
275	4356	4743	4529	41.39
276	4392	4785	4571	41.62
277	4426	4827	4612	41.81
278	4461	4870	4654	41.99
279	4497	4912	4696	42.13
280	4532	4955	4738	42.24
281	4566	4999	4780	42.33
282	4601	5043	4823	42.38
283	4639	5091	4865	42.41
284	4677	5132	4907	42.42
285	4714	5179	4950	42.42
286	4752	5227	4992	42.42
287	4791	5273	5035	42.42
288	4827	5316	5077	42.42
289	4859	5364	5120	42.42
290	4894	5414	5162	42.42
291	4930	5467	5204	42.42
292	4965	5517	5247	42.42
293	4999	5563	5289	42.42
294	5035	5617	5332	42.42
295	5071	5666	5374	42.42
296	5107	5715	5416	42.42
297	5143	5768	5459	NA
