depth	min95%	max95%	best	acc.rate
1	-94	110	8	9.36
2	-84	119	18	9.36
3	-73	127	27	9.36
4	-63	136	36	9.36
5	-52	144	46	9.36
6	-42	152	55	9.36
7	-32	159	64	9.36
8	-21	167	74	9.36
9	-11	175	83	9.36
10	0	183	93	9.36
11	11	191	102	9.36
12	21	198	111	9.36
13	32	206	121	9.36
14	43	214	130	9.36
15	53	222	139	9.36
16	64	230	149	9.36
17	75	239	158	9.36
18	85	248	167	9.36
19	95	257	177	9.36
20	104	266	186	9.36
21	115	275	195	9.36
22	125	284	205	9.36
23	135	292	214	9.36
24	145	301	224	9.36
25	156	309	233	9.36
26	167	317	242	9.36
27	177	326	252	9.36
28	187	336	261	9.36
29	196	344	270	9.36
30	206	353	280	9.36
31	217	363	289	9.36
32	227	372	298	9.36
33	237	380	308	9.36
34	247	389	317	9.36
35	256	398	327	9.36
36	266	407	336	9.36
37	276	415	345	9.36
38	286	424	355	9.36
39	295	432	364	9.36
40	305	442	373	9.36
41	315	451	383	9.36
42	325	460	392	9.36
43	335	469	401	9.36
44	345	478	411	9.36
45	355	487	420	9.36
46	365	496	430	9.36
47	375	505	439	9.36
48	384	514	448	9.36
49	395	523	458	9.36
50	405	532	467	9.36
51	414	542	476	9.36
52	423	551	486	9.36
53	431	560	495	9.36
54	439	569	504	9.36
55	449	578	514	9.36
56	458	588	523	9.36
57	467	596	532	9.36
58	476	605	542	9.36
59	485	614	551	9.36
60	494	623	561	9.36
61	503	632	570	9.36
62	511	642	579	9.36
63	520	652	589	9.36
64	530	661	598	9.36
65	539	670	607	9.36
66	547	680	617	9.36
67	555	689	626	9.36
68	563	698	635	9.36
69	571	707	645	9.36
70	578	717	654	9.36
71	587	726	664	9.36
72	597	736	673	9.36
73	606	746	682	9.36
74	616	755	692	9.36
75	624	765	701	9.36
76	634	775	710	9.36
77	644	785	720	9.36
78	653	794	729	9.36
79	662	803	738	9.36
80	671	813	748	9.36
81	681	822	757	9.36
82	689	831	767	9.36
83	697	841	776	9.36
84	707	850	785	9.36
85	716	860	795	9.36
86	725	870	804	9.36
87	734	880	813	9.36
88	742	890	823	9.36
89	750	901	832	9.36
90	759	911	841	9.36
91	768	921	851	15.32
92	784	935	866	15.32
93	800	950	881	15.32
94	816	964	897	15.32
95	831	979	912	15.32
96	847	993	927	15.32
97	864	1008	943	15.32
98	880	1023	958	15.32
99	897	1038	973	15.32
100	913	1053	989	15.32
101	928	1068	1004	15.32
102	944	1083	1019	15.32
103	958	1098	1035	15.32
104	973	1113	1050	15.32
105	989	1128	1065	15.32
106	1005	1143	1081	15.32
107	1020	1159	1096	15.32
108	1036	1174	1111	15.32
109	1051	1189	1126	15.32
110	1067	1204	1142	15.32
111	1083	1219	1157	15.32
112	1100	1235	1172	15.32
113	1116	1250	1188	15.32
114	1131	1266	1203	15.32
115	1146	1281	1218	15.32
116	1161	1296	1234	15.32
117	1177	1311	1249	15.32
118	1193	1326	1264	15.32
119	1209	1341	1280	15.32
120	1224	1357	1295	15.32
121	1239	1372	1310	15.32
122	1254	1387	1326	15.32
123	1269	1402	1341	15.32
124	1286	1417	1356	15.32
125	1302	1433	1372	15.32
126	1318	1448	1387	15.32
127	1334	1464	1402	15.32
128	1349	1479	1418	15.32
129	1363	1494	1433	15.32
130	1378	1509	1448	15.32
131	1393	1525	1463	15.32
132	1410	1540	1479	15.32
133	1425	1555	1494	15.32
134	1440	1570	1509	15.32
135	1456	1586	1525	15.32
136	1470	1601	1540	15.32
137	1486	1617	1555	15.32
138	1501	1632	1571	15.32
139	1516	1647	1586	15.32
140	1531	1663	1601	15.32
141	1546	1679	1617	15.32
142	1561	1694	1632	15.32
143	1576	1709	1647	15.32
144	1591	1725	1663	15.32
145	1606	1740	1678	15.32
146	1621	1756	1693	15.32
147	1636	1771	1709	15.32
148	1651	1787	1724	15.32
149	1666	1802	1739	15.32
150	1681	1817	1755	15.32
151	1695	1833	1770	15.32
152	1710	1848	1785	15.32
153	1725	1864	1800	15.32
154	1740	1879	1816	15.32
155	1755	1894	1831	15.32
156	1769	1910	1846	15.32
157	1784	1925	1862	15.32
158	1798	1940	1877	15.32
159	1813	1956	1892	15.32
160	1828	1971	1908	15.32
161	1843	1986	1923	15.32
162	1858	2002	1938	15.32
163	1873	2017	1954	15.32
164	1887	2033	1969	15.32
165	1902	2048	1984	15.32
166	1916	2063	2000	15.32
167	1931	2079	2015	15.32
168	1945	2094	2030	15.32
169	1960	2109	2046	15.32
170	1974	2124	2061	15.32
171	1988	2140	2076	15.32
172	2004	2155	2092	15.32
173	2018	2171	2107	15.32
174	2033	2187	2122	15.32
175	2048	2202	2138	15.32
176	2062	2218	2153	15.32
177	2077	2234	2168	15.32
178	2092	2249	2183	15.32
179	2106	2265	2199	15.32
180	2121	2280	2214	15.32
181	2135	2296	2229	15.32
182	2150	2312	2245	15.32
183	2164	2328	2260	15.32
184	2178	2343	2275	15.32
185	2193	2359	2291	15.32
186	2207	2375	2306	15.32
187	2221	2390	2321	15.32
188	2235	2406	2337	15.32
189	2249	2422	2352	15.32
190	2264	2437	2367	15.32
191	2278	2453	2383	15.32
192	2293	2469	2398	15.32
193	2307	2485	2413	15.32
194	2321	2500	2429	15.32
195	2335	2517	2444	15.32
196	2350	2532	2459	15.32
197	2364	2548	2475	21.07
198	2387	2569	2496	21.07
199	2409	2590	2517	21.07
200	2433	2612	2538	21.07
201	2455	2633	2559	21.07
202	2477	2654	2580	21.07
203	2499	2677	2601	21.07
204	2523	2700	2622	21.07
205	2544	2722	2643	21.07
206	2566	2744	2664	21.07
207	2587	2766	2685	21.07
208	2608	2788	2706	21.07
209	2630	2810	2727	21.07
210	2651	2832	2748	21.07
211	2672	2855	2769	21.07
212	2692	2877	2791	21.07
213	2711	2900	2812	21.07
214	2732	2923	2833	21.07
215	2751	2947	2854	21.07
216	2769	2970	2875	21.07
217	2788	2993	2896	21.07
218	2808	3016	2917	21.07
219	2829	3039	2938	21.07
220	2849	3062	2959	21.07
221	2867	3086	2980	21.07
222	2888	3109	3001	21.07
223	2905	3132	3022	21.07
224	2925	3157	3043	21.07
225	2945	3180	3064	21.07
226	2964	3204	3085	21.07
227	2982	3230	3107	21.07
228	3002	3256	3128	21.07
229	3021	3280	3149	21.07
230	3040	3303	3170	21.07
231	3059	3325	3191	21.07
232	3077	3351	3212	21.07
233	3095	3374	3233	21.07
234	3113	3398	3254	21.07
235	3130	3423	3275	21.07
236	3148	3447	3296	21.07
237	3165	3471	3317	21.07
238	3182	3495	3338	21.07
239	3201	3519	3359	21.07
240	3219	3543	3380	21.07
241	3236	3567	3402	21.07
242	3255	3591	3423	21.07
243	3274	3616	3444	21.07
244	3293	3641	3465	21.07
245	3312	3666	3486	21.07
246	3330	3689	3507	21.07
247	3347	3713	3528	21.07
248	3364	3736	3549	21.07
249	3381	3760	3570	21.07
250	3398	3784	3591	21.07
251	3416	3808	3612	21.07
252	3434	3833	3633	21.07
253	3450	3857	3654	21.07
254	3468	3881	3675	21.07
255	3487	3905	3696	21.07
256	3506	3929	3718	21.07
257	3522	3952	3739	21.07
258	3539	3976	3760	21.07
259	3555	3999	3781	21.07
260	3572	4023	3802	21.07
261	3588	4047	3823	21.07
262	3605	4070	3844	21.07
263	3621	4094	3865	21.07
264	3638	4119	3886	21.07
265	3654	4143	3907	60.31
266	3729	4193	3967	60.31
267	3805	4248	4028	60.31
268	3877	4299	4088	60.31
269	3949	4350	4148	60.31
270	4015	4401	4209	60.31
271	4086	4452	4269	60.31
272	4156	4505	4329	60.31
273	4223	4564	4390	60.31
274	4291	4623	4450	60.31
275	4353	4682	4510	60.31
276	4416	4742	4571	60.31
277	4481	4801	4631	60.31
278	4541	4862	4691	60.31
279	4603	4926	4751	60.31
280	4660	4991	4812	60.31
281	4718	5058	4872	60.31
282	4774	5125	4932	60.31
283	4827	5194	4993	60.31
284	4879	5267	5053	60.31
285	4931	5342	5113	60.31
286	4982	5414	5174	60.31
287	5028	5489	5234	60.31
288	5075	5565	5294	60.31
289	5123	5641	5354	60.31
290	5169	5719	5415	60.31
291	5215	5797	5475	60.31
292	5263	5873	5535	60.31
293	5305	5953	5596	60.31
294	5353	6031	5656	60.31
295	5396	6109	5716	60.31
296	5442	6186	5777	60.31
297	5488	6264	5837	NA
