depth	min95%	max95%	best	acc.rate
0	-60	16	-22	17.75
1	-42	33	-4	17.75
2	-24	51	14	7.1
3	-17	58	21	17.75
4	2	75	38	17.75
5	20	93	56	17.75
6	37	110	74	17.75
7	56	128	92	17.75
8	74	146	109	17.75
9	92	163	127	17.75
10	111	181	145	17.75
11	129	198	163	17.75
12	147	216	180	17.75
13	165	234	198	17.75
14	183	252	216	17.75
15	201	269	234	17.75
16	218	287	251	17.75
17	237	305	269	17.75
18	254	322	287	17.75
19	272	341	305	17.75
20	290	358	322	17.75
21	308	376	340	17.75
22	326	393	358	17.75
23	343	411	376	17.75
24	361	429	393	17.75
25	379	446	411	17.75
26	396	465	429	17.75
27	414	483	447	17.75
28	431	501	464	17.75
29	450	520	482	17.75
30	467	537	500	17.75
31	485	555	518	17.75
32	503	573	536	17.75
33	521	592	553	17.75
34	538	611	571	17.75
35	556	630	589	17.75
36	573	648	607	17.75
37	591	666	624	17.75
38	609	684	642	17.75
39	626	702	660	17.75
40	644	720	678	17.75
41	661	738	695	17.75
42	678	756	713	17.75
43	696	773	731	17.75
44	713	791	749	17.75
45	731	809	766	17.75
46	748	827	784	17.75
47	766	846	802	17.75
48	783	864	820	17.75
49	800	883	837	17.75
50	818	901	855	17.75
51	835	919	873	17.75
52	853	937	891	17.75
53	871	955	908	17.75
54	888	973	926	17.75
55	905	991	944	17.75
56	923	1009	962	17.75
57	940	1027	979	17.75
58	958	1045	997	17.75
59	975	1064	1015	17.75
60	992	1082	1033	17.75
61	1010	1101	1050	17.75
62	1027	1119	1068	17.75
63	1044	1137	1086	17.75
64	1061	1156	1104	17.75
65	1078	1174	1121	17.75
66	1095	1193	1139	17.75
67	1112	1211	1157	17.75
68	1129	1230	1175	17.75
69	1147	1248	1192	17.75
70	1164	1267	1210	17.75
71	1181	1285	1228	17.75
72	1198	1304	1246	17.75
73	1216	1322	1263	17.75
74	1233	1340	1281	17.75
75	1250	1359	1299	17.75
76	1267	1377	1317	17.75
77	1284	1396	1334	17.75
78	1301	1414	1352	28.76
79	1331	1441	1381	28.76
80	1361	1470	1410	28.76
81	1390	1499	1438	28.76
82	1419	1528	1467	28.76
83	1448	1557	1496	28.76
84	1477	1586	1525	28.76
85	1506	1615	1553	28.76
86	1534	1644	1582	28.76
87	1562	1675	1611	28.76
88	1590	1707	1640	28.76
89	1618	1738	1668	28.76
90	1646	1769	1697	28.76
91	1673	1798	1726	28.76
92	1699	1826	1755	28.76
93	1727	1855	1784	28.76
94	1755	1885	1812	28.76
95	1782	1914	1841	28.76
96	1810	1943	1870	28.76
97	1837	1972	1899	28.76
98	1864	2000	1927	28.76
99	1890	2027	1956	28.76
100	1918	2055	1985	28.76
101	1945	2084	2014	28.76
102	1972	2114	2042	28.76
103	2000	2143	2071	28.76
104	2027	2173	2100	28.76
105	2054	2204	2129	28.76
106	2081	2233	2157	28.76
107	2108	2264	2186	28.76
108	2135	2294	2215	28.76
109	2162	2325	2244	28.76
110	2189	2355	2273	28.76
111	2216	2386	2301	28.76
112	2243	2418	2330	28.76
113	2270	2449	2359	28.76
114	2297	2480	2388	28.76
115	2324	2512	2416	28.76
116	2351	2542	2445	28.76
117	2378	2573	2474	28.76
118	2405	2603	2503	28.76
119	2430	2633	2531	28.76
120	2456	2665	2560	28.76
121	2483	2697	2589	28.76
122	2510	2727	2618	28.76
123	2537	2758	2646	28.76
124	2565	2789	2675	28.76
125	2591	2820	2704	28.76
126	2617	2851	2733	28.76
127	2644	2882	2761	28.76
128	2670	2913	2790	28.76
129	2696	2944	2819	28.76
130	2723	2975	2848	28.76
131	2750	3006	2877	28.76
132	2777	3037	2905	28.76
133	2804	3069	2934	28.76
134	2831	3101	2963	28.76
135	2858	3132	2992	28.76
136	2884	3163	3020	28.76
137	2911	3194	3049	28.76
138	2938	3225	3078	24.37
139	2965	3245	3102	24.37
140	2992	3265	3127	24.37
141	3020	3285	3151	24.37
142	3048	3305	3175	24.37
143	3075	3324	3200	24.37
144	3103	3345	3224	24.37
145	3130	3366	3249	24.37
146	3158	3386	3273	24.37
147	3186	3406	3297	24.37
148	3213	3427	3322	24.37
149	3238	3451	3346	24.37
150	3264	3473	3370	24.37
151	3290	3494	3395	24.37
152	3316	3518	3419	24.37
153	3340	3540	3443	24.37
154	3365	3565	3468	24.37
155	3391	3588	3492	24.37
156	3415	3612	3517	24.37
157	3440	3637	3541	24.37
158	3464	3663	3565	24.37
159	3488	3686	3590	24.37
160	3511	3712	3614	24.37
161	3535	3738	3638	24.37
162	3557	3765	3663	24.37
163	3580	3791	3687	24.37
164	3605	3819	3712	24.37
165	3630	3846	3736	24.37
166	3653	3872	3760	24.37
167	3675	3899	3785	24.37
168	3694	3926	3809	24.37
169	3716	3954	3833	24.37
170	3740	3981	3858	24.37
171	3763	4008	3882	24.37
172	3781	4035	3907	24.37
173	3799	4062	3931	24.37
174	3820	4089	3955	24.37
175	3840	4116	3980	515.58
176	4037	5000	4495	43.82
177	4087	5037	4539	43.82
178	4137	5074	4583	43.82
179	4187	5111	4627	43.82
180	4237	5149	4671	43.82
181	4286	5186	4714	43.82
182	4336	5224	4758	43.82
183	4386	5262	4802	43.82
184	4436	5300	4846	43.82
185	4485	5337	4890	43.82
186	4534	5375	4933	43.82
187	4583	5413	4977	43.82
188	4632	5450	5021	43.82
189	4681	5487	5065	43.82
190	4730	5525	5109	43.82
191	4780	5563	5153	43.82
192	4829	5600	5196	43.82
193	4878	5637	5240	43.82
194	4927	5674	5284	43.82
195	4977	5711	5328	43.82
196	5026	5748	5372	43.82
197	5076	5785	5415	43.82
198	5127	5822	5459	43.82
199	5177	5859	5503	43.82
200	5227	5896	5547	43.82
201	5276	5933	5591	43.82
202	5326	5970	5635	43.82
203	5376	6007	5678	43.82
204	5426	6044	5722	43.82
205	5475	6081	5766	43.82
206	5524	6118	5810	43.82
207	5573	6155	5854	43.82
208	5622	6192	5897	43.82
209	5671	6229	5941	43.82
210	5720	6266	5985	43.82
211	5770	6303	6029	43.82
212	5821	6341	6073	43.82
213	5871	6378	6117	43.82
214	5921	6415	6160	43.82
215	5971	6452	6204	43.82
216	6021	6489	6248	43.82
217	6071	6525	6292	43.82
218	6121	6564	6336	43.82
219	6171	6602	6379	43.82
220	6221	6639	6423	43.82
221	6271	6676	6467	43.82
222	6321	6713	6511	43.82
223	6371	6751	6555	43.82
224	6419	6789	6598	43.82
225	6468	6825	6642	43.82
226	6517	6862	6686	43.82
227	6568	6900	6730	43.82
228	6618	6937	6774	43.82
229	6668	6974	6818	43.82
230	6718	7011	6861	43.82
231	6767	7051	6905	43.82
232	6817	7088	6949	43.82
233	6866	7127	6993	43.82
234	6915	7167	7037	43.82
235	6962	7206	7080	43.82
236	7010	7244	7124	43.82
237	7058	7281	7168	43.82
238	7106	7320	7212	43.82
239	7154	7358	7256	43.82
240	7200	7397	7300	43.82
241	7248	7437	7343	43.82
242	7296	7478	7387	43.82
243	7340	7517	7431	43.82
244	7388	7558	7475	43.82
245	7435	7597	7519	43.82
246	7482	7639	7562	43.82
247	7528	7680	7606	43.82
248	7573	7721	7650	43.82
249	7619	7762	7694	43.82
250	7662	7805	7738	43.82
251	7707	7849	7782	43.82
252	7749	7893	7825	43.82
253	7792	7937	7869	43.82
254	7835	7982	7913	43.82
255	7878	8025	7957	43.82
256	7919	8069	8001	43.82
257	7959	8114	8044	43.82
258	8001	8161	8088	43.82
259	8041	8207	8132	43.82
260	8081	8253	8176	43.82
261	8121	8300	8220	43.82
262	8162	8348	8264	43.82
263	8201	8395	8307	43.82
264	8239	8443	8351	43.82
265	8278	8491	8395	43.82
266	8316	8541	8439	43.82
267	8354	8589	8483	43.82
268	8393	8639	8526	43.82
269	8431	8688	8570	43.82
270	8470	8737	8614	43.82
271	8508	8787	8658	43.82
272	8547	8835	8702	43.82
273	8584	8885	8746	43.82
274	8621	8932	8789	43.82
275	8661	8981	8833	43.82
276	8700	9031	8877	43.82
277	8736	9081	8921	43.82
278	8774	9131	8965	43.82
279	8812	9180	9008	43.82
280	8850	9230	9052	43.82
281	8888	9280	9096	43.82
282	8926	9330	9140	43.82
283	8963	9379	9184	43.82
284	9000	9429	9227	43.82
285	9038	9478	9271	43.82
286	9075	9528	9315	43.82
287	9112	9578	9359	43.82
288	9150	9627	9403	43.82
289	9187	9677	9447	43.82
290	9224	9727	9490	43.82
291	9262	9777	9534	43.82
292	9299	9826	9578	43.82
293	9336	9877	9622	43.82
294	9374	9927	9666	43.82
295	9411	9977	9709	43.82
296	9447	10026	9753	43.82
297	9484	10076	9797	43.82
298	9520	10125	9841	43.82
299	9557	10175	9885	43.82
300	9595	10224	9929	43.82
301	9632	10274	9972	43.82
302	9670	10324	10016	43.82
303	9707	10373	10060	43.82
304	9744	10423	10104	43.82
305	9781	10472	10148	43.82
306	9819	10522	10191	43.82
307	9857	10572	10235	43.82
308	9895	10622	10279	43.82
309	9932	10672	10323	43.82
310	9969	10722	10367	43.82
311	10006	10772	10411	43.82
312	10043	10822	10454	43.82
313	10080	10872	10498	43.82
314	10117	10922	10542	43.82
315	10155	10972	10586	43.82
316	10192	11022	10630	43.82
317	10229	11072	10673	43.82
318	10267	11122	10717	43.82
319	10304	11172	10761	43.82
320	10342	11222	10805	43.82
321	10379	11271	10849	43.82
322	10416	11321	10893	43.82
323	10454	11370	10936	43.82
324	10491	11420	10980	43.82
325	10529	11469	11024	NA
