0.0				
2.5				
5				
7.5				
10.0				
12.5				
15				
17.5				
20.0				
22.5				
25				
27.5				
30.0				
32.5				
35				
37.5				
40.0				
42.5				
45				
47.5				
50.0				
52.5				
55				
57.5				
60.0				
62.5				
65				
67.5				
70.0				
72.5				
75				
77.5				
80.0				
82.5				
85				
87.5				
90.0				
92.5				
95				
97.5				
100.0				
102.5				
105				
107.5				
110.0				
112.5				
115				
117.5				
120.0				
122.5				
125				
127.5				
130.0				
132.5				
135				
137.5				
140.0				
142.5				
145				
147.5				
150.0				
152.5				
155				
157.5				
160.0				
162.5				
165				
167.5				
170.0				
172.5				
175				
177.5				
180.0				
182.5				
185				
187.5				
190.0				
192.5				
195				
197.5				
200.0				
202.5				
205				
207.5				
210.0				
212.5				
215				
217.5				
220.0				
222.5				
225				
227.5				
230.0				
232.5				
235				
237.5				
240.0				
242.5				
245				
247.5				
250.0				
252.5				
255				
257.5				
260.0				
262.5				
265				
267.5				
270.0				
272.5				
275				
277.5				
280.0				
282.5				
285				
287.5				
290.0				
292.5				
295				
297.5				
300.0				
302.5				
305				
307.5				
310.0				
