-1550
-1542
-1534
-1526
-1518
-1510
-1502
-1494
-1486
-1478
-1470
-1462
-1454
-1446
-1438
-1430
-1422
-1414
-1406
-1398
-1390
-1382
-1374
-1366
-1358
-1350
-1342
-1334
-1326
-1318
-1310
-1302
-1294
-1286
-1278
-1270
-1262
-1254
-1246
-1238
-1230
-1222
-1214
-1206
-1198
-1190
-1182
-1174
-1166
-1158
-1150
-1142
-1134
-1126
-1118
-1110
-1102
-1094
-1086
-1078
-1070
-1062
-1054
-1046
-1038
-1030
-1022
-1014
-1006
-998
-990
-982
-974
-966
-958
-950
-942
-934
-926
-918
-910
-902
-894
-886
-878
-870
-862
-854
-846
-838
-830
-822
-814
-806
-798
-790
-782
-774
-766
-758
-750
-742
-734
-726
-718
-710
-702
-694
-686
-678
-670
-662
-654
-646
-638
-630
-622
-614
-606
-598
-590
-582
-574
-566
-558
-550
-542
-534
-526
-518
-510
-502
-494
-486
-478
-470
-462
-454
-446
-438
-430
-422
-414
-406
-398
-390
-382
-374
-366
-358
-350
-342
-334
-326
-318
-310
-302
-294
-286
-278
-270
-262
-254
-246
-238
-230
-222
-214
-206
-198
-190
-182
-174
-166
-158
-150
-142
-134
-126
-118
-110
-102
-94
-86
-78
-70
-62
-54
-46
-38
-30
-22
-14
-6
