depth	min95%	max95%	best	acc.rate
-1550	-715	1818	437	2.03
-1542	-688	1821	453	2.03
-1534	-661	1825	469	2.03
-1526	-635	1828	485	2.03
-1518	-608	1832	502	2.03
-1510	-581	1836	518	2.03
-1502	-554	1840	534	2.03
-1494	-528	1845	550	2.03
-1486	-501	1848	566	2.03
-1478	-474	1852	583	2.03
-1470	-447	1855	599	2.03
-1462	-420	1858	615	2.03
-1454	-393	1862	631	2.03
-1446	-366	1865	647	2.03
-1438	-339	1868	664	2.03
-1430	-312	1872	680	2.03
-1422	-285	1875	696	2.03
-1414	-258	1879	712	2.03
-1406	-231	1883	728	2.03
-1398	-205	1887	745	2.03
-1390	-178	1889	761	2.03
-1382	-151	1893	777	2.03
-1374	-123	1897	793	2.03
-1366	-95	1902	810	2.03
-1358	-67	1906	826	2.03
-1350	-40	1910	842	2.03
-1342	-12	1915	858	2.03
-1334	16	1919	874	2.03
-1326	43	1924	891	2.03
-1318	70	1928	907	2.03
-1310	97	1933	923	2.03
-1302	123	1939	939	2.03
-1294	150	1945	955	2.03
-1286	176	1947	972	2.03
-1278	203	1951	988	2.03
-1270	229	1955	1004	2.03
-1262	255	1960	1020	2.03
-1254	281	1964	1036	2.03
-1246	307	1968	1053	2.03
-1238	334	1971	1069	2.03
-1230	361	1974	1085	2.03
-1222	387	1979	1101	2.03
-1214	414	1983	1117	2.03
-1206	441	1988	1134	2.03
-1198	468	1993	1150	2.03
-1190	495	1995	1166	2.03
-1182	522	1997	1182	2.03
-1174	550	2000	1199	2.03
-1166	577	2004	1215	2.03
-1158	605	2008	1231	2.03
-1150	633	2013	1247	2.03
-1142	660	2018	1263	2.03
-1134	688	2023	1280	2.03
-1126	715	2027	1296	2.03
-1118	741	2032	1312	2.03
-1110	769	2034	1328	2.03
-1102	794	2039	1344	2.03
-1094	821	2045	1361	2.03
-1086	848	2051	1377	2.03
-1078	873	2054	1393	2.03
-1070	899	2057	1409	2.03
-1062	924	2063	1425	2.03
-1054	951	2070	1442	2.03
-1046	978	2077	1458	2.03
-1038	1005	2083	1474	2.03
-1030	1032	2085	1490	2.03
-1022	1058	2089	1506	2.03
-1014	1085	2095	1523	2.03
-1006	1110	2102	1539	2.03
-998	1137	2108	1555	2.03
-990	1163	2113	1571	2.03
-982	1189	2118	1587	2.03
-974	1214	2123	1604	2.03
-966	1238	2128	1620	2.03
-958	1263	2134	1636	2.03
-950	1287	2138	1652	2.03
-942	1313	2142	1669	2.03
-934	1339	2147	1685	2.03
-926	1364	2152	1701	2.03
-918	1391	2156	1717	2.03
-910	1415	2161	1733	2.03
-902	1441	2166	1750	2.03
-894	1468	2173	1766	2.03
-886	1494	2178	1782	2.03
-878	1517	2183	1798	2.03
-870	1540	2188	1814	2.03
-862	1565	2193	1831	2.03
-854	1588	2198	1847	2.03
-846	1608	2202	1863	2.03
-838	1632	2205	1879	2.03
-830	1656	2209	1895	2.03
-822	1678	2212	1912	2.03
-814	1701	2217	1928	2.03
-806	1724	2224	1944	2.02
-798	1746	2230	1960	2.02
-790	1769	2239	1976	2.02
-782	1789	2245	1993	2.01
-774	1809	2252	2009	2
-766	1829	2260	2025	1.99
-758	1842	2268	2040	1.98
-750	1859	2280	2056	1.97
-742	1875	2291	2072	1.95
-734	1890	2298	2087	1.93
-726	1903	2311	2103	1.91
-718	1919	2319	2118	1.89
-710	1935	2328	2133	1.87
-702	1949	2338	2148	1.84
-694	1964	2352	2163	1.82
-686	1976	2363	2177	1.79
-678	1987	2375	2191	1.76
-670	2001	2387	2205	1.72
-662	2015	2401	2219	1.69
-654	2028	2415	2232	1.65
-646	2040	2427	2245	1.62
-638	2054	2439	2258	1.58
-630	2069	2451	2271	1.53
-622	2080	2463	2283	1.49
-614	2093	2475	2294	1.45
-606	2106	2487	2306	1.4
-598	2116	2497	2317	1.35
-590	2128	2506	2327	1.3
-582	2141	2514	2338	1.25
-574	2153	2523	2347	1.19
-566	2165	2533	2357	1.14
-558	2177	2539	2366	1.09
-550	2188	2543	2374	1.06
-542	2200	2549	2383	1.04
-534	2215	2556	2391	1.02
-526	2229	2562	2399	1.02
-518	2238	2568	2407	1.03
-510	2250	2574	2416	1.04
-502	2262	2581	2424	1.07
-494	2274	2588	2433	1.11
-486	2288	2596	2442	1.15
-478	2303	2604	2451	1.21
-470	2319	2612	2461	1.28
-462	2335	2627	2472	1.36
-454	2348	2641	2483	1.45
-446	2364	2661	2495	1.54
-438	2378	2677	2507	1.65
-430	2392	2701	2521	1.77
-422	2412	2723	2536	1.91
-414	2430	2749	2551	2.05
-406	2448	2778	2568	2.21
-398	2468	2803	2587	2.38
-390	2487	2827	2606	2.56
-382	2512	2852	2627	2.76
-374	2536	2880	2650	2.96
-366	2560	2915	2675	3.18
-358	2586	2951	2701	3.41
-350	2615	2989	2729	3.66
-342	2645	3029	2759	3.91
-334	2679	3074	2791	4.18
-326	2714	3118	2826	4.46
-318	2750	3164	2863	4.75
-310	2790	3211	2902	5.06
-302	2831	3259	2943	5.38
-294	2874	3310	2987	5.71
-286	2920	3363	3034	6.05
-278	2967	3418	3084	6.4
-270	3020	3474	3136	6.77
-262	3072	3532	3192	7.15
-254	3132	3595	3250	7.54
-246	3188	3662	3312	7.94
-238	3249	3726	3377	8.35
-230	3316	3793	3445	8.74
-222	3389	3862	3516	9.11
-214	3461	3934	3591	9.47
-206	3540	4008	3667	9.81
-198	3621	4083	3747	10.14
-190	3704	4159	3829	10.46
-182	3789	4235	3914	10.76
-174	3877	4314	4001	11.04
-166	3961	4395	4090	11.31
-158	4051	4481	4182	11.56
-150	4140	4563	4275	11.8
-142	4230	4646	4370	12.03
-134	4320	4731	4467	12.24
-126	4411	4813	4566	12.43
-118	4504	4905	4666	12.61
-110	4596	5003	4767	12.78
-102	4690	5095	4870	12.93
-94	4784	5188	4974	13.06
-86	4881	5281	5079	13.18
-78	4979	5374	5185	13.28
-70	5079	5468	5291	13.37
-62	5179	5565	5399	13.45
-54	5279	5665	5507	13.51
-46	5380	5777	5615	13.55
-38	5481	5893	5723	13.58
-30	5580	6006	5832	13.6
-22	5679	6117	5941	13.6
-14	5779	6226	6050	13.6
-6	5878	6341	6158	NA
