"depth"	"constant"	"bad.extra"	"good.extra"	"best.extra"	"stars"
50	0	1	1	1	3
100	0	1	1	1	3
150	0	1	1	1	3
200	0	1	1	1	3
250	0	1	1	1	3
300	0	1	1	1	3
350	0	1	1	1	3
400	0	1	1	1	3
450	0	1	1	1	3
500	0	1	1	1	3
550	0	1	1	1	3
600	0	1	1	1	3
650	0	1	1	1	3
700	0	1	1	1	3
750	0	1	1	1	3
800	0	1	1	1	3
850	0	1	1	1	3
900	0	1	1	1	3
950	0	1	1	1	3
1000	0	1	1	1	3
1050	0	1	1	1	3
1100	0	1	1	1	3
1150	0	1	1	1	3
1200	0	1	1	1	3
1250	0	1	1	1	3
1300	0	1	1	1	3
1350	0	1	1	1	3
1400	0	1	1	1	3
1450	0	1	1	1	3
1500	0	1	1	1	3
1550	0	1	1	1	3
1600	0	1	1	1	3
1650	0	1	1	1	3
1700	0	1	1	1	3
1750	0	1	1	1	3
1800	0	1	1	1	3
1850	0	1	1	1	3
1900	0	1	1	1	3
1950	0	1	1	1	3
2000	0	1	1	1	3
2050	0	1	1	1	3
2100	0	1	1	1	3
2150	0	1	1	1	3
2200	0	1	1	1	3
2250	0	1	1	1	3
2300	0	1	1	1	3
2350	0	1	1	1	3
2400	0	1	1	1	3
2450	0	1	1	1	3
2500	0	1	1	1	3
2550	0	1	1	1	3
2600	0	1	1	1	3
2650	0	1	1	1	3
2700	0	1	1	1	3
2750	0	1	1	1	3
2800	0	1	1	1	3
2850	0	1	1	1	3
2900	0	1	1	1	3
2950	0	1	1	1	3
3000	0	1	1	1	3
3050	0	1	1	1	3
3100	0	1	1	1	3
3150	0	1	1	1	3
3200	0	1	1	1	3
3250	0	1	1	1	3
3300	0	1	1	1	3
3350	0	1	1	1	3
3400	0	1	1	1	3
3450	0	1	1	1	3
3500	0	1	1	1	3
3550	0	1	1	1	3
3600	0	1	1	1	3
3650	0	1	1	1	3
3700	0	1	1	1	3
3750	0	1	1	1	3
3800	0	1	1	1	3
3850	0	1	1	1	3
3900	0	1	1	1	3
3950	0	1	1	1	3
4000	0	1	1	1	3
4050	0	1	1	1	3
4100	0	1	1	1	3
4150	0	1	1	1	3
4200	0	1	1	1	3
4250	0	1	1	1	3
4300	0	1	1	1	3
4350	0	1	1	1	3
4400	0	1	1	1	3
4450	0	1	1	1	3
4500	0	1	1	1	3
4550	0	1	1	1	3
4600	0	1	1	1	3
4650	0	1	1	1	3
4700	0	1	1	1	3
4750	0	1	1	1	3
4800	0	1	1	1	3
4850	0	1	1	1	3
4900	0	1	1	1	3
4950	0	1	1	1	3
5000	0	1	1	1	3
5050	0	1	1	1	3
5100	0	1	1	1	3
5150	0	1	1	1	3
5200	0	1	1	1	3
5250	0	1	1	1	3
5300	0	1	1	1	3
5350	0	1	1	1	3
5400	0	1	1	1	3
5450	0	1	1	1	3
5500	0	1	1	1	3
5550	0	1	1	1	3
5600	0	1	1	1	3
5650	0	1	1	1	3
5700	0	1	1	1	3
5750	0	1	1	1	3
5800	0	1	1	1	3
5850	0	1	1	1	3
5900	0	1	1	1	3
5950	0	1	1	1	3
6000	0	1	1	1	3
6050	0	1	1	1	3
6100	0	1	1	1	3
6150	0	1	1	1	3
6200	0	1	1	1	3
6250	0	1	1	1	3
6300	0	1	1	1	3
6350	0	1	1	1	3
6400	0	1	1	1	3
6450	0	1	1	1	3
6500	1	1	1	1	4
6550	1	1	1	1	4
6600	1	1	1	1	4
6650	1	1	1	1	4
6700	1	1	1	1	4
6750	1	1	1	1	4
6800	1	1	1	1	4
6850	1	1	1	1	4
6900	1	1	1	1	4
6950	1	1	1	1	4
7000	1	1	1	1	4
7050	1	1	1	1	4
7100	1	1	1	1	4
7150	1	1	1	1	4
7200	1	1	1	1	4
7250	1	1	1	1	4
7300	1	1	1	1	4
7350	1	1	1	1	4
7400	1	1	1	1	4
7450	1	1	1	1	4
7500	1	1	1	1	4
7550	1	1	1	1	4
7600	1	1	1	1	4
7650	1	1	1	1	4
7700	1	1	1	1	4
7750	1	1	1	1	4
7800	1	1	1	1	4
7850	1	1	1	1	4
7900	1	1	1	1	4
7950	1	1	1	1	4
8000	1	1	1	1	4
8050	1	1	1	1	4
8100	1	1	1	1	4
8150	1	1	1	1	4
8200	1	1	1	1	4
8250	1	1	1	1	4
8300	1	1	1	1	4
8350	1	1	1	1	4
8400	1	1	1	1	4
8450	1	1	1	1	4
8500	1	1	1	1	4
8550	1	1	1	1	4
8600	1	1	1	1	4
8650	1	1	1	1	4
8700	1	1	1	1	4
8750	1	1	1	1	4
8800	1	1	1	1	4
8850	1	1	1	1	4
8900	1	1	1	1	4
8950	1	1	1	1	4
9000	1	1	1	1	4
9050	1	1	1	1	4
9100	1	1	1	1	4
9150	1	1	1	1	4
9200	1	1	1	1	4
9250	0	1	1	1	3
9300	0	1	1	1	3
9350	0	1	1	1	3
9400	0	1	1	0	2
9450	0	1	1	0	2
9500	0	1	1	0	2
9550	0	1	1	0	2
9600	0	1	0	0	1
9650	0	1	1	1	3
9700	0	1	1	1	3
9750	0	1	1	1	3
9800	0	1	1	1	3
9850	0	1	1	1	3
9900	0	1	1	1	3
9950	0	1	1	1	3
10000	0	1	1	1	3
10050	0	1	0	0	1
10100	0	1	1	1	3
10150	0	1	1	1	3
10200	0	1	1	1	3
10250	0	1	1	1	3
10300	0	1	1	1	3
10350	0	1	1	1	3
10400	0	1	1	1	3
10450	0	1	1	1	3
10500	0	1	1	0	2
10550	0	1	1	0	2
10600	0	1	0	0	1
10650	0	1	0	0	1
10700	0	1	0	0	1
10750	0	0	0	0	0
10800	0	0	0	0	0
10850	0	0	0	0	0
10900	0	0	0	0	0
10950	0	0	0	0	0
11000	0	0	0	0	0
11050	0	0	0	0	0
11100	0	0	0	0	0
11150	0	0	0	0	0
11200	0	0	0	0	0
11250	0	0	0	0	0
11300	0	0	0	0	0
11350	0	0	0	0	0
11400	0	0	0	0	0
11450	0	0	0	0	0
11500	0	0	0	0	0
11550	0	0	0	0	0
11600	0	0	0	0	0
11650	0	0	0	0	0
11700	0	0	0	0	0
11750	0	0	0	0	0
11800	0	0	0	0	0
11850	0	0	0	0	0
11900	0	0	0	0	0
11950	0	0	0	0	0
12000	0	0	0	0	0
12050	0	0	0	0	0
12100	0	0	0	0	0
12150	0	0	0	0	0
12200	0	0	0	0	0
12250	0	0	0	0	0
12300	0	0	0	0	0
12350	0	0	0	0	0
12400	0	0	0	0	0
12450	0	0	0	0	0
12500	0	0	0	0	0
12550	0	0	0	0	0
12600	0	0	0	0	0
12650	0	1	0	0	1
12700	0	1	0	0	1
12750	0	1	0	0	1
12800	0	1	0	0	1
12850	0	1	1	1	3
12900	0	1	1	1	3
12950	0	1	1	1	3
13000	0	1	1	1	3
13050	0	1	1	1	3
13100	0	1	1	0	2
13150	0	1	1	0	2
13200	0	1	0	0	1
