depth	min95%	max95%	best	acc.rate
50	-280	-82	-177	0.07
100	-275	-81	-174	0.07
150	-269	-79	-171	0.07
200	-264	-78	-167	0.07
250	-259	-76	-164	0.07
300	-253	-74	-161	0.07
350	-248	-73	-157	0.07
400	-243	-71	-154	0.07
450	-237	-70	-151	0.07
500	-232	-69	-147	0.07
550	-227	-67	-144	0.07
600	-221	-66	-141	0.07
650	-216	-65	-138	0.07
700	-211	-63	-134	0.07
750	-205	-62	-131	0.07
800	-200	-60	-128	0.07
850	-194	-59	-124	0.07
900	-189	-57	-121	0.07
950	-184	-56	-118	0.07
1000	-178	-55	-114	0.07
1050	-173	-53	-111	0.07
1100	-167	-52	-108	0.07
1150	-162	-50	-104	0.07
1200	-157	-49	-101	0.07
1250	-151	-47	-98	0.07
1300	-146	-46	-94	0.07
1350	-141	-44	-91	0.07
1400	-135	-42	-88	0.07
1450	-130	-41	-85	0.07
1500	-124	-39	-81	0.07
1550	-119	-38	-78	0.07
1600	-113	-37	-75	0.07
1650	-108	-35	-71	0.07
1700	-103	-34	-68	0.07
1750	-98	-32	-65	0.07
1800	-93	-31	-61	0.07
1850	-87	-29	-58	0.07
1900	-82	-27	-55	0.07
1950	-77	-25	-51	0.07
2000	-72	-24	-48	0.07
2050	-66	-22	-45	0.07
2100	-61	-21	-42	0.07
2150	-57	-19	-38	0.07
2200	-52	-17	-35	0.07
2250	-47	-16	-32	0.07
2300	-42	-14	-28	0.07
2350	-37	-12	-25	0.07
2400	-33	-10	-22	0.07
2450	-28	-7	-18	0.07
2500	-24	-5	-15	0.07
2550	-21	-2	-12	0.07
2600	-18	1	-8	0.07
2650	-16	5	-5	0.07
2700	-13	10	-2	0.07
2750	-11	14	1	0.06
2800	-8	19	5	0.06
2850	-7	23	8	0.06
2900	-5	28	11	0.06
2950	-3	32	14	0.06
3000	-1	36	17	0.06
3050	1	40	20	0.06
3100	3	44	23	0.06
3150	5	48	26	0.05
3200	6	52	28	0.05
3250	8	56	31	0.05
3300	10	59	33	0.05
3350	12	62	36	0.05
3400	14	64	38	0.04
3450	16	67	40	0.04
3500	18	69	42	0.04
3550	20	70	44	0.04
3600	22	72	46	0.03
3650	24	72	47	0.03
3700	26	73	49	0.03
3750	28	73	50	0.02
3800	30	72	51	0.02
3850	32	71	52	0.01
3900	35	70	52	0.01
3950	37	68	53	0.01
4000	39	66	53	0
4050	41	63	53	0
4100	42	61	53	-0.01
4150	43	61	52	-0.01
4200	40	62	51	-0.02
4250	37	64	51	-0.02
4300	32	66	49	-0.02
4350	26	69	48	-0.03
4400	20	72	47	-0.03
4450	13	75	46	-0.03
4500	6	77	44	-0.03
4550	0	80	43	-0.03
4600	-8	84	41	-0.03
4650	-14	88	40	-0.03
4700	-21	91	39	-0.02
4750	-28	95	37	-0.02
4800	-35	99	36	-0.02
4850	-42	103	36	-0.01
4900	-48	108	35	-0.01
4950	-54	112	35	0
5000	-59	116	35	0
5050	-64	120	35	0.01
5100	-68	125	35	0.02
5150	-71	130	36	0.02
5200	-74	135	38	0.03
5250	-75	139	40	0.04
5300	-75	144	42	0.05
5350	-75	149	45	0.06
5400	-74	155	48	0.07
5450	-71	161	52	0.09
5500	-68	167	57	0.1
5550	-63	172	62	0.11
5600	-56	178	68	0.13
5650	-49	185	75	0.14
5700	-40	190	82	0.16
5750	-30	196	90	0.17
5800	-18	203	99	0.19
5850	-5	208	109	0.21
5900	10	216	120	0.22
5950	28	224	132	0.24
6000	47	230	144	0.26
6050	67	239	158	0.29
6100	90	248	173	0.32
6150	116	257	190	0.35
6200	142	268	208	0.38
6250	171	281	228	0.42
6300	203	294	250	0.46
6350	233	310	274	0.5
6400	263	329	300	0.55
6450	294	351	329	0.6
6500	324	384	360	0.65
6550	355	424	394	0.71
6600	385	468	431	0.77
6650	413	517	471	0.83
6700	444	571	514	0.9
6750	474	627	561	0.97
6800	503	687	611	1.03
6850	533	752	664	1.08
6900	568	820	719	1.12
6950	607	890	776	1.16
7000	649	963	835	1.19
7050	684	1035	895	1.21
7100	719	1110	956	1.23
7150	755	1188	1017	1.23
7200	793	1266	1079	1.23
7250	829	1339	1141	1.23
7300	864	1415	1202	1.22
7350	898	1493	1262	1.2
7400	933	1570	1322	1.19
7450	968	1639	1381	1.17
7500	1004	1706	1438	1.14
7550	1041	1776	1495	1.12
7600	1077	1843	1550	1.09
7650	1116	1912	1604	1.05
7700	1154	1980	1655	1.02
7750	1190	2041	1705	0.98
7800	1227	2095	1753	0.93
7850	1265	2151	1799	0.89
7900	1302	2201	1842	0.85
7950	1336	2246	1884	0.83
8000	1380	2292	1925	0.81
8050	1425	2334	1965	0.8
8100	1474	2374	2005	0.79
8150	1524	2412	2044	0.79
8200	1565	2451	2084	0.81
8250	1620	2489	2125	0.82
8300	1679	2539	2167	0.85
8350	1734	2586	2210	0.89
8400	1795	2638	2256	0.93
8450	1861	2693	2303	0.98
8500	1928	2733	2353	1.04
8550	2001	2790	2407	1.1
8600	2078	2845	2464	1.17
8650	2162	2914	2524	1.26
8700	2250	2987	2589	1.34
8750	2340	3055	2659	1.44
8800	2435	3125	2733	1.54
8850	2538	3199	2813	1.66
8900	2639	3276	2899	1.78
8950	2749	3386	2991	1.9
9000	2869	3493	3089	2.04
9050	2996	3618	3195	2.18
9100	3113	3743	3307	2.33
9150	3233	3859	3428	2.49
9200	3357	3985	3556	2.66
9250	3488	4160	3693	2.83
9300	3615	4313	3839	3
9350	3752	4479	3993	3.17
9400	3895	4646	4155	3.34
9450	4045	4854	4326	3.5
9500	4192	5073	4506	3.67
9550	4355	5283	4693	3.83
9600	4528	5482	4889	4
9650	4704	5713	5092	4.16
9700	4895	5966	5304	4.32
9750	5084	6234	5524	4.48
9800	5290	6507	5752	4.64
9850	5507	6785	5988	4.8
9900	5721	7068	6232	4.96
9950	5940	7355	6484	5.11
10000	6168	7643	6743	5.27
10050	6402	7900	7010	5.41
10100	6644	8191	7283	5.52
10150	6885	8489	7561	5.6
10200	7136	8794	7843	5.67
10250	7394	9090	8128	5.73
10300	7663	9376	8416	5.77
10350	7921	9672	8705	5.8
10400	8190	9989	8995	5.81
10450	8461	10311	9286	5.83
10500	8727	10603	9578	5.84
10550	8992	10878	9870	5.85
10600	9265	11175	10163	5.87
10650	9540	11477	10457	5.88
10700	9828	11769	10751	5.89
10750	10119	12058	11046	5.91
10800	10412	12350	11342	5.92
10850	10697	12646	11638	5.93
10900	10982	12938	11935	5.94
10950	11269	13232	12232	5.95
11000	11558	13521	12530	5.96
11050	11847	13799	12829	5.97
11100	12144	14091	13128	5.99
11150	12447	14388	13427	6
11200	12756	14695	13727	6.01
11250	13066	14980	14028	6.02
11300	13378	15263	14329	6.02
11350	13691	15549	14630	6.03
11400	14007	15843	14932	6.04
11450	14325	16145	15234	6.05
11500	14642	16433	15537	6.06
11550	14962	16721	15840	6.07
11600	15277	17008	16144	6.08
11650	15593	17286	16448	6.08
11700	15906	17565	16752	6.09
11750	16220	17850	17057	6.1
11800	16535	18144	17362	6.1
11850	16853	18434	17667	6.11
11900	17183	18721	17973	6.12
11950	17510	19007	18279	6.12
12000	17840	19292	18585	6.13
12050	18168	19581	18892	6.13
12100	18494	19870	19199	6.14
12150	18821	20164	19506	6.14
12200	19150	20443	19813	6.15
12250	19479	20730	20121	6.15
12300	19814	21020	20428	6.16
12350	20142	21302	20736	6.16
12400	20469	21597	21044	6.16
12450	20802	21908	21353	6.17
12500	21137	22196	21661	6.17
12550	21469	22500	21969	6.17
12600	21797	22811	22278	6.17
12650	22126	23122	22587	6.18
12700	22456	23430	22896	6.18
12750	22769	23724	23205	6.18
12800	23080	24020	23514	6.18
12850	23382	24336	23823	6.18
12900	23687	24639	24132	6.18
12950	24005	24970	24441	6.18
13000	24309	25280	24750	6.18
13050	24607	25604	25059	6.18
13100	24901	25936	25369	6.18
13150	25202	26265	25678	6.18
13200	25493	26595	25987	NA
