depth	min95%	max95%	best	acc.rate
0	-541	-33	-261	6.63
2	-524	-24	-247	6.63
4	-507	-15	-234	6.63
6	-490	-5	-221	6.63
8	-473	6	-208	6.63
10	-456	16	-194	6.63
12	-439	26	-181	6.63
14	-422	36	-168	6.63
16	-405	47	-155	6.63
18	-388	57	-141	6.63
20	-371	67	-128	6.63
22	-354	77	-115	6.63
24	-337	87	-102	6.63
26	-320	98	-88	6.63
28	-303	108	-75	6.63
30	-286	118	-62	6.63
32	-269	128	-48	6.63
34	-252	138	-35	6.63
36	-235	147	-22	6.63
38	-218	156	-9	6.63
40	-200	165	5	6.63
42	-183	174	18	6.63
44	-167	184	31	6.63
46	-150	195	44	6.63
48	-133	205	58	6.63
50	-116	216	71	6.63
55	-73	242	104	6.63
60	-30	269	137	6.63
65	13	295	170	6.63
70	55	322	204	6.63
75	97	347	237	6.63
80	139	375	270	6.63
85	181	401	303	6.63
90	222	428	336	6.63
95	265	454	369	6.63
100	307	481	402	6.63
105	349	508	436	6.63
110	390	534	469	6.63
115	432	561	502	6.63
120	473	587	535	6.63
125	514	613	568	6.63
130	554	642	601	6.63
135	589	674	635	6.63
140	622	708	668	6.63
145	656	743	701	6.63
150	688	779	734	6.63
155	718	814	767	6.63
160	749	851	800	6.63
165	780	889	834	6.63
170	813	925	867	6.63
175	845	962	900	6.63
180	876	1001	933	6.63
185	907	1042	966	6.63
190	958	1090	1017	12.48
195	1021	1150	1079	12.48
200	1082	1211	1142	12.48
205	1142	1273	1204	12.48
210	1206	1334	1267	12.48
215	1268	1398	1329	12.48
220	1330	1469	1391	12.48
225	1390	1543	1454	12.48
230	1448	1617	1516	12.48
235	1505	1688	1579	12.48
240	1561	1763	1641	12.48
245	1606	1813	1688	7.46
250	1646	1845	1726	7.46
255	1686	1878	1763	7.46
260	1724	1911	1800	7.46
265	1764	1943	1838	7.46
270	1802	1978	1875	7.46
275	1840	2012	1912	7.46
280	1878	2047	1949	7.46
285	1916	2082	1987	7.46
290	1954	2117	2024	7.46
295	1991	2153	2061	7.46
300	2029	2188	2099	7.46
305	2065	2227	2136	7.46
310	2101	2263	2173	7.46
315	2137	2302	2210	7.46
320	2173	2338	2248	7.46
325	2209	2375	2285	7.46
330	2245	2414	2322	7.46
335	2282	2456	2360	7.46
340	2318	2497	2397	7.46
345	2352	2536	2434	7.46
350	2388	2577	2471	7.46
355	2422	2620	2509	7.46
360	2457	2660	2546	7.46
365	2492	2696	2583	7.46
370	2525	2734	2621	7.46
375	2560	2774	2658	7.46
380	2593	2814	2695	7.46
385	2627	2855	2732	7.46
390	2661	2895	2770	7.46
395	2696	2936	2807	7.46
400	2730	2979	2844	7.46
405	2766	3020	2882	7.46
410	2799	3062	2919	7.46
415	2831	3103	2954	5.49
420	2861	3126	2982	5.49
425	2891	3151	3009	5.49
430	2920	3176	3037	5.49
435	2950	3201	3064	5.49
440	2979	3226	3091	5.49
445	3008	3251	3119	5.49
450	3039	3276	3146	5.49
455	3068	3301	3174	5.49
460	3098	3326	3201	5.49
465	3127	3350	3229	5.49
470	3156	3371	3256	5.49
475	3186	3398	3284	5.49
480	3214	3425	3311	5.49
485	3243	3451	3338	5.49
490	3272	3476	3366	5.49
495	3303	3502	3393	5.49
500	3331	3526	3421	5.49
505	3359	3552	3448	5.49
510	3389	3578	3476	5.49
515	3417	3605	3503	5.49
520	3445	3632	3530	5.49
525	3472	3659	3558	5.49
530	3502	3686	3585	5.49
535	3531	3712	3613	5.49
540	3558	3739	3640	5.49
545	3584	3765	3668	5.49
550	3611	3790	3695	5.49
555	3638	3817	3723	5.49
560	3664	3841	3750	5.49
565	3691	3867	3777	5.49
570	3718	3894	3805	5.49
575	3746	3919	3832	5.49
580	3772	3945	3860	5.49
585	3799	3973	3887	5.49
590	3827	4000	3915	5.49
595	3855	4027	3942	5.49
600	3881	4055	3970	5.49
605	3907	4082	3997	5.49
610	3933	4109	4024	5.49
615	3960	4137	4052	5.49
620	3987	4164	4079	5.49
625	4015	4191	4107	5.49
630	4041	4218	4134	5.49
635	4069	4245	4162	5.49
640	4094	4273	4189	5.49
645	4119	4301	4217	5.49
650	4146	4328	4244	5.49
655	4172	4356	4271	5.49
660	4198	4383	4299	5.49
665	4225	4411	4326	5.49
670	4250	4439	4354	5.49
675	4275	4467	4381	5.49
680	4300	4494	4409	5.49
685	4326	4522	4436	5.49
690	4353	4549	4464	5.49
695	4379	4577	4491	5.49
700	4404	4605	4518	5.49
705	4428	4633	4546	5.49
710	4454	4661	4573	5.49
715	4479	4689	4601	5.49
720	4505	4718	4628	5.49
725	4531	4746	4656	5.49
730	4556	4775	4683	5.49
735	4582	4803	4710	5.49
740	4608	4832	4738	5.49
745	4648	4867	4774	9.9
750	4706	4926	4824	9.9
755	4753	4989	4873	9.9
760	4797	5055	4923	9.9
765	4829	5122	4972	9.9
770	4858	5194	5022	9.9
775	4879	5270	5071	354.4
780	6686	7003	6843	354.4
785	8483	8753	8615	354.4
790	10272	10512	10387	354.4
795	12045	12289	12159	354.4
800	12129	12367	12242	-208.62
805	11102	11302	11199	-208.62
810	10066	10243	10156	-208.62
815	9026	9196	9113	-208.62
820	7978	8162	8070	-208.62
825	6920	7138	7027	-208.62
830	6884	7082	6984	41.56
835	7112	7273	7192	41.56
840	7332	7467	7400	41.56
845	7536	7668	7608	41.56
850	7739	7878	7815	41.56
855	7948	8093	8028	43.91
860	8172	8309	8247	43.91
865	8396	8525	8467	43.91
870	8615	8744	8686	43.91
875	8837	8964	8906	43.91
880	9054	9185	9126	43.91
885	9267	9410	9345	43.91
890	9482	9634	9565	43.91
895	9696	9858	9784	43.91
900	9911	10084	10004	43.91
905	10120	10313	10223	43.91
910	10330	10544	10443	43.91
915	10542	10766	10661	42.42
920	10755	10972	10873	42.42
925	10970	11182	11085	42.42
930	11183	11393	11297	42.42
935	11398	11603	11509	42.42
940	11612	11816	11721	42.42
945	11825	12028	11933	42.42
950	12037	12240	12145	42.42
955	12246	12458	12358	42.42
960	12454	12673	12570	42.42
965	12662	12892	12782	42.42
970	12869	13111	12994	42.42
975	13074	13330	13206	42.42
980	13274	13548	13418	42.42
985	13480	13767	13630	42.42
990	13684	13984	13842	42.42
995	13889	14205	14054	42.42
1000	14089	14423	14266	42.42
1005	14294	14640	14478	42.42
1010	14495	14855	14691	42.42
1015	14696	15074	14903	42.42
1020	14898	15292	15115	42.42
1025	15099	15513	15327	42.42
1030	15301	15735	15539	42.42
1035	15501	15956	15751	42.42
1040	15580	16028	15825	7.86
1045	15623	16062	15864	7.86
1050	15669	16095	15903	7.86
1055	15718	16127	15943	7.86
1060	15764	16161	15982	7.86
1065	15811	16197	16021	7.86
1070	15859	16234	16061	7.86
1075	15899	16268	16100	7.86
1080	15944	16305	16139	7.86
1085	15990	16342	16178	7.86
1090	16034	16378	16218	7.86
1095	16076	16414	16257	7.86
1100	16122	16451	16296	7.86
1105	16170	16490	16336	7.86
1110	16218	16524	16375	7.86
1115	16262	16561	16414	7.86
1120	16302	16598	16454	7.86
1125	16343	16637	16493	7.86
1130	16386	16676	16532	7.86
1135	16428	16711	16571	7.86
1140	16470	16748	16611	7.86
1145	16508	16786	16650	7.86
1150	16543	16826	16689	7.86
1155	16583	16864	16729	7.86
1160	16620	16904	16768	7.86
1165	16662	16944	16807	7.86
1170	16701	16984	16846	7.86
1175	16737	17026	16886	7.86
1180	16774	17066	16925	7.86
1185	16811	17108	16964	7.86
1190	16845	17147	17004	7.86
1195	16878	17188	17043	7.86
1200	16913	17230	17082	7.86
1205	16951	17275	17121	7.86
1210	16986	17321	17161	7.86
1215	17020	17364	17200	7.86
1220	17058	17410	17239	7.86
1225	17092	17453	17279	7.86
1230	17126	17497	17318	7.86
1235	17255	17617	17441	35.87
1240	17447	17788	17620	35.87
1245	17637	17956	17800	35.87
1250	17826	18124	17979	35.87
1255	18010	18301	18158	35.87
1260	18194	18478	18338	35.87
1265	18378	18656	18517	35.87
1270	18558	18838	18696	35.87
1275	18732	19019	18876	35.87
1280	18906	19204	19055	35.87
1285	19086	19388	19234	35.87
1290	19259	19573	19414	35.87
1295	19431	19760	19593	35.87
1300	19596	19946	19772	35.87
1305	19763	20134	19952	35.87
1310	19940	20325	20135	40.11
1315	20143	20520	20336	40.11
1320	20351	20714	20536	40.11
1325	20563	20911	20737	40.11
1330	20763	21111	20938	40.11
1335	20965	21312	21138	40.11
1340	21166	21516	21339	40.11
1345	21363	21720	21539	40.11
1350	21562	21923	21740	40.11
1355	21759	22126	21940	40.11
1360	21954	22330	22141	40.11
1365	22144	22542	22342	40.11
1370	22336	22752	22542	40.11
1375	22535	22963	22743	40.11
1380	22725	23175	22943	40.11
1385	22919	23386	23144	40.11
1390	23105	23597	23344	40.11
1395	23298	23808	23545	40.11
1400	23487	24020	23746	40.11
1405	23676	24232	23946	40.11
1410	23865	24446	24147	40.11
1415	24055	24663	24347	40.11
1420	24242	24879	24548	40.11
1425	24427	25093	24748	40.11
1430	24611	25306	24949	NA
