depth	min95%	max95%	best	acc.rate
0	-876	-88	-474	5.65
1	-868	-85	-468	5.65
2	-860	-82	-463	5.65
3	-852	-79	-457	5.65
4	-844	-75	-451	5.65
5	-836	-72	-446	5.65
6	-827	-69	-440	5.65
7	-819	-66	-434	5.65
8	-811	-63	-429	5.65
9	-803	-60	-423	5.65
10	-795	-57	-417	5.65
11	-787	-53	-412	5.65
12	-779	-50	-406	5.65
13	-771	-47	-400	5.65
14	-763	-44	-395	5.65
15	-755	-41	-389	5.65
16	-748	-38	-383	5.65
17	-740	-35	-378	5.65
18	-732	-31	-372	5.65
19	-724	-28	-367	5.65
20	-716	-25	-361	5.65
21	-708	-22	-355	5.65
22	-700	-19	-350	5.65
23	-692	-16	-344	5.65
24	-684	-13	-338	5.65
25	-676	-9	-333	5.65
26	-668	-6	-327	5.65
27	-659	-3	-321	5.65
28	-651	0	-316	5.65
29	-643	3	-310	5.65
30	-635	6	-304	5.65
31	-627	10	-299	5.65
32	-619	13	-293	5.65
33	-611	16	-287	5.65
34	-603	19	-282	5.65
35	-595	22	-276	5.65
36	-587	25	-271	5.65
37	-579	28	-265	5.65
38	-571	32	-259	5.65
39	-563	35	-254	5.65
40	-555	38	-248	5.65
41	-547	41	-242	5.65
42	-539	44	-237	5.65
43	-531	47	-231	5.65
44	-523	50	-225	5.65
45	-515	54	-220	5.65
46	-507	57	-214	5.65
47	-499	60	-208	5.65
48	-491	63	-203	5.65
49	-483	66	-197	5.65
50	-475	69	-191	5.65
51	-467	72	-186	5.65
52	-459	76	-180	5.65
53	-451	79	-175	5.65
54	-443	82	-169	5.65
55	-435	85	-163	5.65
56	-427	88	-158	5.65
57	-419	91	-152	5.65
58	-411	94	-146	5.65
59	-403	98	-141	5.65
60	-395	101	-135	5.65
61	-387	104	-129	5.65
62	-379	107	-124	5.65
63	-371	111	-118	5.65
64	-363	114	-112	5.65
65	-355	117	-107	5.65
66	-347	120	-101	5.65
67	-339	123	-95	5.65
68	-331	127	-90	5.65
69	-323	130	-84	5.65
70	-315	133	-79	5.65
71	-307	136	-73	5.65
72	-299	140	-67	5.65
73	-291	143	-62	5.65
74	-283	146	-56	5.65
75	-275	149	-50	5.65
76	-267	152	-45	5.65
77	-259	155	-39	5.65
78	-251	159	-33	5.65
79	-243	162	-28	5.65
80	-235	166	-22	5.65
81	-227	169	-16	5.65
82	-219	172	-11	5.65
83	-211	176	-5	5.65
84	-203	180	1	5.65
85	-195	183	6	5.65
86	-187	187	12	5.65
87	-179	191	17	5.65
88	-171	194	23	5.65
89	-162	197	29	5.65
90	-154	200	34	5.65
91	-146	204	40	5.65
92	-138	208	46	5.65
93	-130	211	51	5.65
94	-122	215	57	5.65
95	-114	219	63	5.65
96	-106	223	68	5.65
97	-99	227	74	5.65
98	-91	231	80	5.65
99	-83	235	85	5.65
100	-75	238	91	5.65
101	-67	242	97	5.65
102	-59	246	102	5.65
103	-51	250	108	5.65
104	-43	254	113	5.65
105	-35	258	119	5.65
106	-28	262	125	5.65
107	-21	266	130	5.65
108	-13	270	136	5.65
109	-5	274	142	5.65
110	3	278	147	5.65
111	11	282	153	5.65
112	18	286	159	5.65
113	26	290	164	5.65
114	34	294	170	5.65
115	41	298	176	5.65
116	49	303	181	5.65
117	57	307	187	5.65
118	64	311	193	5.65
119	71	315	198	5.66
120	78	319	204	5.66
121	85	323	210	5.66
122	91	328	215	5.66
123	98	332	221	5.67
124	104	337	227	5.67
125	111	341	232	5.67
126	118	345	238	5.67
127	124	350	244	5.68
128	131	354	249	5.68
129	138	358	255	5.69
130	144	362	261	5.69
131	151	367	266	5.69
132	158	371	272	5.7
133	165	375	278	5.7
134	171	380	283	5.71
135	178	384	289	5.71
136	185	388	295	5.72
137	191	393	301	5.73
138	198	397	306	5.73
139	205	402	312	5.74
140	212	406	318	5.74
141	218	411	323	5.75
142	225	415	329	5.76
143	231	420	335	5.76
144	238	424	341	5.77
145	245	429	346	5.78
146	252	433	352	5.79
147	258	438	358	5.79
148	265	443	364	5.8
149	271	448	370	5.81
150	278	453	375	5.82
151	284	458	381	5.83
152	291	462	387	5.84
153	297	467	393	5.85
154	304	472	399	5.85
155	310	476	405	5.86
156	317	481	411	5.87
157	324	486	416	5.88
158	330	490	422	5.89
159	337	495	428	5.9
160	343	500	434	5.91
161	350	505	440	5.93
162	356	510	446	5.94
163	363	515	452	5.95
164	369	520	458	5.96
165	376	525	464	5.97
166	382	530	470	5.98
167	389	535	476	5.99
168	396	541	482	6.01
169	402	547	488	6.02
170	409	552	494	6.03
171	416	557	500	6.04
172	423	562	506	6.06
173	429	568	512	6.07
174	436	573	518	6.08
175	442	578	524	6.1
176	449	583	530	6.11
177	456	588	536	6.13
178	463	594	542	6.14
179	470	600	548	6.15
180	477	605	555	6.17
181	484	610	561	6.18
182	491	616	567	6.2
183	497	621	573	6.22
184	504	627	579	6.23
185	511	633	586	6.25
186	517	639	592	6.26
187	524	646	598	6.28
188	531	652	604	6.3
189	538	658	611	6.31
190	545	664	617	6.33
191	551	671	623	6.35
192	558	677	630	6.36
193	564	683	636	6.38
194	571	690	642	6.4
195	577	696	649	6.42
196	583	702	655	6.43
197	589	709	662	6.45
198	595	715	668	6.47
199	601	722	675	6.48
200	607	729	681	6.5
201	613	736	688	6.52
202	619	743	694	6.53
203	625	750	701	6.55
204	631	757	707	6.57
205	637	764	714	6.58
206	643	772	720	6.6
207	649	779	727	6.61
208	655	787	734	6.63
209	661	794	740	6.64
210	667	801	747	6.66
211	673	809	753	6.67
212	679	816	760	6.69
213	686	824	767	6.7
214	692	831	774	6.72
215	698	838	780	6.73
216	704	846	787	6.75
217	710	853	794	6.76
218	717	860	801	6.77
219	723	868	807	6.79
220	730	875	814	6.8
221	737	882	821	6.81
222	743	889	828	6.83
223	750	896	835	6.84
224	756	904	841	6.85
225	762	911	848	6.86
226	769	918	855	6.88
227	776	925	862	6.89
228	782	933	869	6.9
229	789	940	876	6.91
230	796	947	883	6.92
231	803	954	890	6.93
232	810	961	896	6.95
233	816	968	903	6.96
234	823	976	910	6.97
235	829	983	917	6.98
236	836	990	924	6.99
237	843	998	931	7
238	850	1005	938	7.01
239	857	1011	945	7.02
240	864	1018	952	7.03
241	871	1026	959	7.04
242	878	1033	966	7.05
243	885	1040	973	7.06
244	893	1047	981	7.07
245	900	1054	988	7.08
246	907	1061	995	7.09
247	914	1068	1002	7.09
248	921	1075	1009	7.1
249	928	1082	1016	7.11
250	936	1090	1023	7.12
251	943	1097	1030	7.13
252	951	1104	1037	7.14
253	958	1111	1044	7.14
254	966	1118	1052	7.15
255	973	1125	1059	7.16
256	981	1132	1066	7.17
257	988	1140	1073	7.17
258	996	1147	1080	7.18
259	1003	1154	1087	7.19
260	1010	1161	1095	7.19
261	1017	1168	1102	7.2
262	1024	1175	1109	7.2
263	1031	1183	1116	7.21
264	1039	1190	1123	7.22
265	1046	1197	1131	7.22
266	1054	1205	1138	7.23
267	1061	1212	1145	7.23
268	1069	1219	1152	7.24
269	1076	1226	1160	7.24
270	1084	1233	1167	7.25
271	1091	1240	1174	7.25
272	1099	1248	1181	7.26
273	1106	1255	1189	7.26
274	1114	1262	1196	7.27
275	1122	1269	1203	7.27
276	1129	1276	1210	7.27
277	1137	1283	1218	7.28
278	1145	1290	1225	7.28
279	1153	1297	1232	7.28
280	1161	1304	1239	7.29
281	1168	1311	1247	7.29
282	1175	1318	1254	7.29
283	1183	1325	1261	7.29
284	1191	1333	1269	7.3
285	1199	1340	1276	7.3
286	1207	1347	1283	7.3
287	1214	1354	1291	7.3
288	1222	1361	1298	7.31
289	1230	1368	1305	7.31
290	1238	1375	1312	7.31
291	1246	1382	1320	7.31
292	1254	1389	1327	7.31
293	1262	1396	1334	7.31
294	1270	1403	1342	7.31
295	1278	1410	1349	7.31
296	1286	1417	1356	7.31
297	1294	1424	1364	7.31
298	1302	1432	1371	7.31
299	1310	1439	1378	7.31
300	1318	1446	1386	7.31
301	1326	1453	1393	7.31
302	1334	1460	1400	7.31
303	1342	1467	1408	7.31
304	1350	1474	1415	7.31
305	1358	1481	1422	7.31
306	1365	1488	1429	7.31
307	1372	1495	1437	7.31
308	1379	1502	1444	7.3
309	1386	1509	1451	7.3
310	1394	1515	1459	7.3
311	1402	1522	1466	7.3
312	1410	1529	1473	7.3
313	1418	1536	1481	7.29
314	1426	1543	1488	7.29
315	1434	1550	1495	7.29
316	1441	1557	1502	7.28
317	1449	1564	1510	7.28
318	1456	1571	1517	7.28
319	1464	1578	1524	7.27
320	1472	1585	1532	7.27
321	1479	1591	1539	7.27
322	1487	1598	1546	7.26
323	1495	1605	1553	7.26
324	1503	1612	1561	7.25
325	1511	1619	1568	7.25
326	1518	1626	1575	7.24
327	1526	1633	1582	7.24
328	1533	1640	1590	7.24
329	1541	1646	1597	7.23
330	1549	1653	1604	7.22
331	1557	1660	1611	7.22
332	1565	1667	1618	7.21
333	1572	1674	1626	7.21
334	1580	1682	1633	7.2
335	1588	1689	1640	7.19
336	1596	1696	1647	7.19
337	1603	1703	1654	7.18
338	1611	1711	1662	7.17
339	1618	1718	1669	7.17
340	1625	1725	1676	7.16
341	1633	1732	1683	7.15
342	1641	1739	1690	7.15
343	1649	1746	1697	7.14
344	1656	1753	1705	7.13
345	1663	1761	1712	7.12
346	1671	1768	1719	7.11
347	1678	1775	1726	7.11
348	1686	1782	1733	7.1
349	1693	1789	1740	7.09
350	1701	1796	1747	7.08
351	1708	1804	1754	7.07
352	1715	1810	1761	7.06
353	1723	1817	1768	7.05
354	1730	1825	1776	7.04
355	1738	1832	1783	7.03
356	1745	1840	1790	7.02
357	1753	1847	1797	7.01
358	1761	1854	1804	7
359	1768	1861	1811	6.99
360	1775	1868	1818	6.98
361	1783	1875	1825	6.97
362	1790	1882	1832	6.96
363	1797	1890	1839	6.95
364	1804	1897	1846	6.94
365	1811	1904	1852	6.93
366	1818	1911	1859	6.92
367	1825	1918	1866	6.9
368	1831	1925	1873	6.89
369	1839	1932	1880	6.88
370	1846	1939	1887	6.87
371	1852	1946	1894	6.86
372	1859	1952	1901	6.85
373	1866	1959	1908	6.84
374	1872	1966	1914	6.83
375	1879	1973	1921	6.82
376	1885	1980	1928	6.81
377	1892	1987	1935	6.8
378	1899	1993	1942	6.79
379	1906	2000	1948	6.78
380	1912	2007	1955	6.77
381	1919	2013	1962	6.76
382	1926	2020	1969	6.75
383	1932	2027	1976	6.74
384	1939	2033	1982	6.73
385	1945	2040	1989	6.72
386	1952	2046	1996	6.71
387	1958	2053	2002	6.71
388	1964	2060	2009	6.7
389	1971	2066	2016	6.69
390	1977	2073	2023	6.68
391	1983	2079	2029	6.67
392	1989	2087	2036	6.67
393	1996	2094	2043	6.66
394	2002	2100	2049	6.65
395	2008	2107	2056	6.64
396	2014	2113	2062	6.63
397	2021	2120	2069	6.63
398	2027	2127	2076	6.62
399	2033	2133	2082	6.61
400	2039	2140	2089	6.61
401	2046	2146	2096	6.6
402	2052	2153	2102	6.59
403	2059	2159	2109	6.59
404	2065	2166	2115	6.58
405	2071	2174	2122	6.57
406	2077	2181	2129	6.57
407	2083	2188	2135	6.56
408	2089	2195	2142	6.56
409	2095	2202	2148	6.55
410	2101	2209	2155	6.55
411	2108	2216	2161	6.54
412	2114	2224	2168	6.54
413	2120	2231	2174	6.53
414	2127	2238	2181	6.53
415	2132	2245	2187	6.52
416	2138	2252	2194	6.52
417	2144	2259	2200	6.51
418	2151	2266	2207	6.51
419	2157	2273	2214	6.5
420	2164	2280	2220	6.5
421	2170	2287	2227	6.5
422	2177	2294	2233	6.49
423	2182	2301	2239	6.49
424	2189	2307	2246	6.48
425	2196	2314	2252	6.48
426	2202	2321	2259	6.48
427	2208	2327	2265	6.48
428	2215	2334	2272	6.47
429	2221	2341	2278	6.47
430	2227	2348	2285	6.47
431	2233	2355	2291	6.46
432	2239	2362	2298	6.46
433	2245	2370	2304	6.46
434	2251	2377	2311	6.46
435	2257	2383	2317	6.46
436	2263	2390	2324	6.45
437	2269	2397	2330	6.45
438	2276	2404	2337	6.45
439	2283	2411	2343	6.45
440	2289	2418	2349	6.45
441	2295	2425	2356	6.45
442	2301	2432	2362	6.45
443	2307	2438	2369	6.44
444	2313	2445	2375	6.44
445	2319	2452	2382	6.44
446	2325	2459	2388	6.44
447	2331	2466	2395	6.44
448	2337	2473	2401	6.44
449	2343	2480	2407	6.44
450	2349	2487	2414	6.44
451	2355	2494	2420	6.44
452	2362	2501	2427	6.44
453	2368	2508	2433	6.44
454	2374	2514	2440	6.44
455	2380	2521	2446	6.45
456	2387	2528	2453	6.45
457	2394	2534	2459	6.45
458	2400	2541	2465	6.45
459	2406	2547	2472	6.45
460	2412	2554	2478	6.45
461	2418	2560	2485	6.45
462	2424	2567	2491	6.46
463	2429	2574	2498	6.46
464	2436	2580	2504	6.46
465	2442	2587	2511	6.46
466	2448	2593	2517	6.46
467	2454	2600	2524	6.47
468	2460	2607	2530	6.47
469	2466	2613	2536	6.47
470	2472	2620	2543	6.47
471	2478	2627	2549	6.48
472	2484	2634	2556	6.48
473	2490	2641	2562	6.48
474	2496	2647	2569	6.49
475	2502	2654	2575	6.49
476	2508	2661	2582	6.49
477	2514	2667	2588	6.5
478	2519	2673	2595	6.5
479	2525	2680	2601	6.51
480	2532	2687	2608	6.51
481	2538	2694	2614	6.52
482	2544	2700	2621	6.52
483	2550	2707	2627	6.52
484	2556	2714	2634	6.53
485	2562	2721	2640	6.53
486	2568	2728	2647	6.54
487	2575	2734	2653	6.54
488	2581	2741	2660	6.55
489	2587	2748	2667	6.56
490	2593	2754	2673	6.56
491	2599	2760	2680	6.57
492	2606	2767	2686	6.57
493	2612	2773	2693	6.58
494	2619	2780	2699	6.59
495	2625	2786	2706	6.59
496	2631	2793	2713	6.6
497	2638	2800	2719	6.61
498	2644	2806	2726	6.61
499	2651	2813	2732	6.62
500	2657	2819	2739	6.63
501	2663	2826	2746	6.63
502	2669	2832	2752	6.64
503	2676	2839	2759	6.65
504	2682	2845	2766	6.66
505	2689	2851	2772	6.66
506	2695	2858	2779	6.67
507	2702	2865	2786	6.68
508	2708	2872	2792	6.69
509	2715	2878	2799	6.7
510	2721	2885	2806	6.7
511	2728	2892	2812	6.71
512	2735	2899	2819	6.72
513	2742	2906	2826	6.73
514	2748	2912	2833	6.74
515	2755	2918	2839	6.75
516	2762	2925	2846	6.76
517	2769	2932	2853	6.77
518	2776	2938	2860	6.78
519	2783	2945	2866	6.79
520	2790	2952	2873	6.8
521	2797	2958	2880	6.81
522	2805	2965	2887	6.82
523	2812	2972	2894	6.83
524	2819	2979	2900	6.84
525	2827	2986	2907	6.85
526	2834	2992	2914	6.86
527	2842	2999	2921	6.87
528	2849	3005	2928	6.88
529	2857	3012	2935	6.89
530	2865	3019	2942	6.9
531	2872	3026	2948	6.91
532	2879	3033	2955	6.92
533	2886	3040	2962	6.94
534	2894	3047	2969	6.95
535	2901	3053	2976	6.96
536	2908	3060	2983	6.97
537	2915	3066	2990	6.98
538	2922	3073	2997	6.99
539	2929	3080	3004	7
540	2937	3086	3011	7.02
541	2945	3093	3018	7.03
542	2953	3101	3025	7.04
543	2961	3108	3032	7.05
544	2969	3115	3039	7.07
545	2976	3122	3046	7.08
546	2983	3129	3053	7.09
547	2990	3137	3060	7.1
548	2998	3144	3068	7.12
549	3005	3151	3075	7.13
550	3012	3157	3082	7.14
551	3018	3164	3089	7.15
552	3026	3171	3096	7.17
553	3032	3178	3103	7.18
554	3039	3185	3110	7.19
555	3045	3192	3118	7.21
556	3052	3198	3125	7.22
557	3059	3205	3132	7.23
558	3066	3212	3139	7.25
559	3073	3219	3147	7.26
560	3080	3226	3154	7.27
561	3086	3233	3161	7.29
562	3094	3240	3168	7.3
563	3100	3247	3176	7.32
564	3107	3254	3183	7.33
565	3114	3261	3190	7.34
566	3121	3268	3198	7.36
567	3128	3275	3205	7.37
568	3135	3283	3212	7.39
569	3142	3290	3220	7.4
570	3150	3297	3227	7.42
571	3156	3305	3235	7.43
572	3164	3312	3242	7.45
573	3171	3320	3249	7.46
574	3179	3327	3257	7.48
575	3187	3335	3264	7.49
576	3194	3343	3272	7.51
577	3201	3350	3279	7.52
578	3209	3357	3287	7.54
579	3216	3364	3294	7.55
580	3223	3372	3302	7.57
581	3230	3379	3310	7.58
582	3237	3387	3317	7.6
583	3244	3394	3325	7.62
584	3250	3402	3332	7.63
585	3257	3410	3340	7.65
586	3265	3417	3348	7.66
587	3272	3425	3355	7.68
588	3279	3433	3363	7.7
589	3287	3440	3371	7.71
590	3294	3448	3378	7.73
591	3301	3456	3386	7.74
592	3308	3464	3394	7.76
593	3316	3472	3402	7.78
594	3324	3479	3409	7.8
595	3332	3487	3417	7.81
596	3340	3495	3425	7.83
597	3348	3502	3433	7.85
598	3356	3510	3441	7.86
599	3364	3518	3449	7.88
600	3372	3526	3456	7.9
601	3379	3533	3464	7.92
602	3387	3541	3472	7.93
603	3394	3549	3480	7.95
604	3402	3557	3488	7.97
605	3408	3565	3496	7.99
606	3416	3573	3504	8
607	3424	3581	3512	8.02
608	3431	3589	3520	8.04
609	3439	3596	3528	8.06
610	3447	3604	3536	8.08
611	3455	3612	3544	8.1
612	3463	3620	3552	8.11
613	3471	3627	3560	8.13
614	3479	3635	3569	8.15
615	3487	3643	3577	8.17
616	3495	3651	3585	8.19
617	3503	3659	3593	8.21
618	3510	3667	3601	8.23
619	3518	3675	3610	8.25
620	3525	3683	3618	8.27
621	3533	3691	3626	8.28
622	3541	3699	3634	8.3
623	3551	3707	3643	8.32
624	3560	3715	3651	8.34
625	3568	3723	3659	8.36
626	3576	3731	3668	8.38
627	3585	3740	3676	8.4
628	3593	3748	3684	8.42
629	3601	3757	3693	8.44
630	3609	3765	3701	8.46
631	3617	3773	3710	8.48
632	3625	3782	3718	8.5
633	3634	3791	3727	8.52
634	3643	3800	3735	8.54
635	3651	3808	3744	8.56
636	3660	3818	3752	8.58
637	3669	3827	3761	8.61
638	3677	3837	3770	8.63
639	3686	3846	3778	8.66
640	3695	3855	3787	8.69
641	3703	3864	3796	8.72
642	3712	3874	3804	8.76
643	3720	3883	3813	8.8
644	3729	3893	3822	8.84
645	3737	3903	3831	8.89
646	3745	3913	3840	8.93
647	3754	3923	3849	8.99
648	3762	3933	3857	9.04
649	3771	3942	3867	9.1
650	3781	3952	3876	9.16
651	3791	3962	3885	9.23
652	3802	3972	3894	9.3
653	3812	3983	3903	9.37
654	3822	3993	3913	9.44
655	3832	4005	3922	9.52
656	3841	4016	3932	9.6
657	3851	4027	3941	9.68
658	3861	4038	3951	9.77
659	3872	4050	3961	9.86
660	3882	4061	3971	9.96
661	3891	4072	3981	10.05
662	3901	4083	3991	10.15
663	3910	4094	4001	10.25
664	3920	4105	4011	10.36
665	3929	4116	4021	10.47
666	3940	4127	4032	10.58
667	3950	4139	4042	10.7
668	3961	4151	4053	10.82
669	3972	4163	4064	10.94
670	3983	4174	4075	11.06
671	3995	4186	4086	11.19
672	4007	4199	4097	11.32
673	4018	4212	4108	11.46
674	4030	4225	4120	11.59
675	4042	4237	4131	11.73
676	4054	4251	4143	11.88
677	4067	4265	4155	12.03
678	4081	4279	4167	12.18
679	4093	4293	4179	12.33
680	4105	4307	4192	12.49
681	4117	4321	4204	12.65
682	4130	4335	4217	12.81
683	4142	4350	4230	12.97
684	4155	4363	4243	13.14
685	4168	4379	4256	13.32
686	4181	4395	4269	13.49
687	4194	4410	4282	13.67
688	4206	4425	4296	13.85
689	4220	4440	4310	14.04
690	4234	4454	4324	14.22
691	4249	4469	4338	14.42
692	4265	4484	4353	14.61
693	4280	4498	4367	14.81
694	4295	4513	4382	15.01
695	4310	4529	4397	15.21
696	4325	4544	4412	15.42
697	4340	4560	4428	15.63
698	4358	4578	4443	15.84
699	4374	4595	4459	16.06
700	4391	4613	4475	16.28
701	4406	4630	4492	16.5
702	4422	4647	4508	16.73
703	4438	4663	4525	16.96
704	4455	4680	4542	17.19
705	4472	4697	4559	17.43
706	4489	4714	4576	17.66
707	4507	4731	4594	17.91
708	4526	4749	4612	18.15
709	4544	4766	4630	18.4
710	4562	4784	4648	18.65
711	4580	4802	4667	18.9
712	4599	4820	4686	19.16
713	4618	4839	4705	19.42
714	4636	4858	4725	19.69
715	4655	4877	4744	19.95
716	4675	4896	4764	20.22
717	4696	4916	4784	20.5
718	4715	4936	4805	20.77
719	4736	4956	4826	21.05
720	4756	4976	4847	21.33
721	4777	4997	4868	21.61
722	4797	5018	4890	21.87
723	4818	5038	4912	22.12
724	4837	5059	4934	22.37
725	4858	5080	4956	22.6
726	4878	5101	4979	22.82
727	4898	5123	5002	23.04
728	4919	5144	5025	23.24
729	4941	5165	5048	23.43
730	4962	5186	5071	23.62
731	4983	5207	5095	23.79
732	5004	5228	5119	23.95
733	5026	5249	5143	24.11
734	5047	5272	5167	24.25
735	5069	5295	5191	24.39
736	5090	5318	5215	24.51
737	5112	5341	5240	24.62
738	5135	5364	5264	24.73
739	5156	5385	5289	24.82
740	5179	5407	5314	24.91
741	5202	5430	5339	24.98
742	5226	5454	5364	25.04
743	5249	5478	5389	25.1
744	5273	5501	5414	25.14
745	5297	5523	5439	25.18
746	5321	5546	5464	25.2
747	5345	5568	5490	25.22
748	5369	5591	5515	25.22
749	5393	5613	5540	25.22
750	5416	5636	5565	25.2
751	5440	5660	5590	25.18
752	5463	5682	5616	25.14
753	5488	5704	5641	25.1
754	5512	5728	5666	25.04
755	5536	5754	5691	24.98
756	5561	5779	5716	24.9
757	5585	5803	5741	24.82
758	5610	5826	5766	24.72
759	5635	5850	5790	24.62
760	5659	5873	5815	24.51
761	5682	5896	5839	24.38
762	5707	5920	5864	24.25
763	5732	5943	5888	24.11
764	5758	5967	5912	23.97
765	5783	5992	5936	23.84
766	5809	6015	5960	23.72
767	5834	6041	5984	23.61
768	5859	6065	6007	23.5
769	5884	6091	6031	23.41
770	5908	6115	6054	23.32
771	5933	6140	6078	23.23
772	5957	6165	6101	23.16
773	5982	6190	6124	23.1
774	6007	6216	6147	23.04
775	6032	6241	6170	22.99
776	6057	6266	6193	22.95
777	6083	6291	6216	22.91
778	6109	6316	6239	22.89
779	6134	6342	6262	22.87
780	6160	6367	6285	22.86
781	6186	6392	6308	22.85
782	6212	6418	6330	22.86
783	6237	6442	6353	22.87
784	6263	6467	6376	22.89
785	6288	6493	6399	22.92
786	6314	6518	6422	22.96
787	6339	6544	6445	23
788	6365	6568	6468	23.05
789	6390	6593	6491	23.11
790	6416	6618	6514	23.18
791	6443	6642	6537	23.26
792	6470	6667	6560	23.34
793	6496	6692	6584	23.43
794	6521	6716	6607	23.53
795	6545	6741	6631	23.64
796	6571	6766	6654	23.75
797	6598	6791	6678	23.87
798	6623	6815	6702	24
799	6647	6839	6726	24.14
800	6671	6864	6750	24.29
801	6697	6888	6774	24.44
802	6720	6912	6799	24.58
803	6743	6936	6823	24.72
804	6768	6961	6848	24.84
805	6791	6986	6873	24.95
806	6812	7011	6898	25.06
807	6835	7036	6923	25.15
808	6857	7061	6948	25.23
809	6880	7086	6973	25.3
810	6903	7111	6999	25.36
811	6926	7136	7024	25.42
812	6949	7160	7049	25.46
813	6972	7185	7075	25.49
814	6996	7208	7100	25.51
815	7019	7233	7126	25.52
816	7041	7258	7151	25.52
817	7064	7283	7177	25.51
818	7087	7308	7203	25.49
819	7110	7333	7228	25.46
820	7133	7357	7253	25.42
821	7156	7381	7279	25.37
822	7179	7406	7304	25.31
823	7202	7430	7330	25.23
824	7225	7455	7355	25.15
825	7249	7479	7380	25.06
826	7272	7504	7405	24.96
827	7295	7529	7430	24.85
828	7318	7553	7455	24.72
829	7340	7577	7480	24.59
830	7363	7600	7504	24.45
831	7385	7622	7529	24.29
832	7408	7644	7553	24.13
833	7430	7668	7577	23.96
834	7453	7692	7601	23.77
835	7476	7715	7625	23.58
836	7498	7739	7648	23.37
837	7520	7762	7672	23.16
838	7542	7785	7695	22.93
839	7564	7809	7718	22.7
840	7585	7832	7740	22.45
841	7607	7854	7763	22.2
842	7628	7877	7785	21.95
843	7650	7899	7807	21.7
844	7671	7921	7829	21.45
845	7692	7942	7850	21.21
846	7713	7965	7871	20.98
847	7734	7989	7892	20.74
848	7756	8010	7913	20.51
849	7776	8031	7934	20.29
850	7797	8052	7954	20.07
851	7817	8074	7974	19.85
852	7838	8096	7994	19.64
853	7858	8118	8013	19.43
854	7878	8139	8033	19.22
855	7897	8161	8052	19.02
856	7916	8182	8071	18.83
857	7936	8202	8090	18.63
858	7955	8223	8109	18.44
859	7974	8243	8127	18.26
860	7993	8262	8145	18.08
861	8012	8281	8163	17.9
862	8032	8300	8181	17.72
863	8050	8319	8199	17.55
864	8070	8337	8217	17.39
865	8089	8356	8234	17.22
866	8107	8374	8251	17.07
867	8125	8393	8268	16.91
868	8143	8412	8285	16.76
869	8162	8431	8302	16.61
870	8180	8450	8319	16.47
871	8198	8469	8335	16.33
872	8215	8487	8351	16.2
873	8233	8505	8368	16.07
874	8250	8523	8384	15.94
875	8268	8540	8400	15.82
876	8286	8557	8415	15.7
877	8304	8573	8431	15.58
878	8322	8589	8447	15.47
879	8341	8605	8462	15.36
880	8358	8621	8477	15.26
881	8376	8636	8493	15.16
882	8394	8651	8508	15.06
883	8411	8667	8523	14.97
884	8428	8682	8538	14.88
885	8445	8698	8553	14.8
886	8462	8713	8568	14.72
887	8479	8729	8582	14.64
888	8495	8744	8597	14.57
889	8511	8760	8612	14.5
890	8527	8774	8626	14.44
891	8543	8788	8640	14.38
892	8559	8802	8655	14.32
893	8573	8817	8669	14.27
894	8589	8831	8683	14.22
895	8605	8845	8698	14.17
896	8620	8859	8712	14.13
897	8635	8872	8726	14.09
898	8648	8886	8740	14.06
899	8663	8899	8754	14.02
900	8676	8913	8768	13.99
901	8688	8926	8782	13.95
902	8703	8938	8796	13.91
903	8717	8951	8810	13.86
904	8732	8964	8824	13.82
905	8747	8976	8838	13.77
906	8760	8989	8851	13.72
907	8772	9002	8865	13.67
908	8784	9015	8879	13.62
909	8797	9028	8892	13.57
910	8811	9041	8906	13.51
911	8823	9053	8920	13.45
912	8836	9066	8933	13.39
913	8848	9078	8946	13.33
914	8860	9090	8960	13.26
915	8873	9102	8973	13.2
916	8885	9114	8986	13.13
917	8897	9126	8999	13.06
918	8908	9137	9012	12.99
919	8920	9148	9025	12.91
920	8932	9160	9038	12.84
921	8944	9171	9051	12.76
922	8957	9182	9064	12.68
923	8969	9194	9077	12.6
924	8981	9205	9089	12.52
925	8993	9216	9102	12.43
926	9005	9226	9114	12.34
927	9016	9236	9126	12.25
928	9028	9246	9139	12.16
929	9039	9255	9151	12.07
930	9051	9266	9163	11.97
931	9062	9276	9175	11.88
932	9073	9286	9187	11.78
933	9085	9296	9199	11.68
934	9097	9306	9210	11.57
935	9109	9316	9222	11.47
936	9121	9325	9233	11.36
937	9131	9334	9245	11.25
938	9143	9344	9256	11.14
939	9153	9353	9267	11.03
940	9164	9362	9278	10.92
941	9173	9371	9289	10.8
942	9183	9380	9300	10.69
943	9193	9390	9310	10.59
944	9202	9399	9321	10.49
945	9213	9410	9332	10.39
946	9224	9420	9342	10.3
947	9235	9429	9352	10.22
948	9245	9440	9362	10.14
949	9256	9451	9373	10.07
950	9267	9462	9383	10
951	9277	9472	9393	9.94
952	9288	9483	9403	9.88
953	9299	9494	9412	9.83
954	9310	9504	9422	9.78
955	9321	9514	9432	9.74
956	9331	9523	9442	9.71
957	9342	9534	9452	9.68
958	9352	9544	9461	9.65
959	9362	9554	9471	9.64
960	9372	9565	9481	9.62
961	9383	9575	9490	9.61
962	9393	9585	9500	9.61
963	9403	9595	9509	9.61
964	9414	9605	9519	9.62
965	9424	9615	9529	9.64
966	9435	9624	9538	9.65
967	9446	9635	9548	9.68
968	9457	9646	9558	9.71
969	9468	9656	9567	9.74
970	9479	9667	9577	9.78
971	9490	9677	9587	9.83
972	9501	9688	9597	9.88
973	9512	9698	9607	9.94
974	9522	9708	9616	10
975	9532	9719	9626	10.07
976	9542	9729	9637	10.14
977	9553	9740	9647	10.22
978	9563	9750	9657	10.3
979	9575	9761	9667	10.39
980	9587	9771	9678	10.49
981	9598	9782	9688	10.59
982	9610	9792	9699	10.69
983	9621	9803	9709	10.81
984	9633	9815	9720	10.92
985	9646	9826	9731	11.04
986	9659	9838	9742	11.17
987	9671	9849	9753	11.3
988	9684	9860	9765	11.44
989	9696	9872	9776	11.58
990	9707	9883	9788	11.73
991	9719	9895	9799	11.88
992	9733	9907	9811	12.03
993	9746	9919	9823	12.19
994	9758	9931	9835	12.34
995	9770	9944	9848	12.5
996	9783	9956	9860	12.67
997	9795	9969	9873	12.83
998	9808	9981	9886	13
999	9821	9995	9899	13.18
1000	9834	10008	9912	13.35
1001	9847	10022	9925	13.53
1002	9862	10036	9939	13.71
1003	9876	10050	9953	13.89
1004	9890	10065	9966	14.08
1005	9904	10079	9981	14.27
1006	9918	10093	9995	14.46
1007	9932	10107	10009	14.66
1008	9947	10121	10024	14.85
1009	9961	10137	10039	15.05
1010	9975	10151	10054	15.26
1011	9990	10166	10069	15.46
1012	10005	10181	10085	15.67
1013	10020	10196	10100	15.88
1014	10036	10212	10116	16.1
1015	10051	10228	10132	16.32
1016	10068	10245	10149	16.54
1017	10084	10262	10165	16.76
1018	10101	10278	10182	16.99
1019	10118	10294	10199	17.22
1020	10135	10310	10216	17.45
1021	10151	10327	10233	17.68
1022	10169	10344	10251	17.92
1023	10187	10361	10269	18.16
1024	10205	10379	10287	18.41
1025	10223	10397	10306	18.65
1026	10241	10415	10324	18.9
1027	10259	10434	10343	19.16
1028	10277	10454	10362	19.41
1029	10296	10473	10382	19.67
1030	10315	10493	10401	19.93
1031	10334	10513	10421	20.19
1032	10353	10532	10442	20.46
1033	10373	10554	10462	20.72
1034	10393	10575	10483	20.99
1035	10413	10597	10504	21.27
1036	10434	10618	10525	21.54
1037	10455	10640	10547	21.82
1038	10476	10663	10568	22.1
1039	10497	10685	10590	22.38
1040	10518	10708	10613	22.66
1041	10540	10731	10636	22.95
1042	10563	10754	10658	23.24
1043	10586	10777	10682	23.53
1044	10610	10801	10705	23.83
1045	10633	10825	10729	24.12
1046	10657	10849	10753	24.42
1047	10681	10875	10778	24.72
1048	10705	10902	10802	25.03
1049	10730	10927	10827	25.34
1050	10754	10953	10853	25.64
1051	10779	10979	10878	25.96
1052	10805	11005	10904	26.27
1053	10830	11031	10931	26.59
1054	10856	11058	10957	26.9
1055	10883	11085	10984	27.22
1056	10911	11112	11011	27.55
1057	10938	11141	11039	27.87
1058	10966	11170	11067	28.2
1059	10993	11199	11095	28.53
1060	11022	11228	11123	28.86
1061	11051	11257	11152	29.19
1062	11080	11286	11182	29.51
1063	11110	11318	11211	29.83
1064	11140	11349	11241	30.14
1065	11170	11380	11271	30.45
1066	11200	11413	11301	30.75
1067	11230	11446	11332	31.05
1068	11261	11478	11363	31.34
1069	11293	11509	11395	31.63
1070	11324	11541	11426	31.91
1071	11357	11574	11458	32.18
1072	11388	11607	11490	32.45
1073	11420	11640	11523	32.72
1074	11452	11673	11555	32.97
1075	11484	11706	11588	33.23
1076	11517	11739	11622	33.48
1077	11551	11772	11655	33.72
1078	11583	11805	11689	33.96
1079	11617	11839	11723	34.19
1080	11650	11871	11757	34.41
1081	11686	11904	11791	34.61
1082	11721	11939	11826	34.79
1083	11755	11973	11861	34.96
1084	11791	12007	11896	35.11
1085	11827	12042	11931	35.25
1086	11863	12077	11966	35.37
1087	11897	12112	12002	35.47
1088	11932	12145	12037	35.55
1089	11967	12179	12073	35.62
1090	12001	12214	12108	35.68
1091	12037	12249	12144	35.72
1092	12070	12284	12180	35.74
1093	12105	12318	12215	35.74
1094	12141	12353	12251	35.73
1095	12177	12387	12287	35.7
1096	12211	12422	12322	35.66
1097	12246	12456	12358	35.6
1098	12280	12491	12394	35.52
1099	12315	12526	12429	35.43
1100	12350	12561	12465	35.32
1101	12384	12595	12500	35.19
1102	12417	12629	12535	35.05
1103	12450	12663	12570	34.89
1104	12483	12697	12605	34.72
1105	12516	12730	12640	34.53
1106	12549	12763	12674	34.32
1107	12581	12798	12709	34.1
1108	12613	12831	12743	33.86
1109	12644	12864	12777	33.6
1110	12676	12897	12810	33.33
1111	12707	12929	12844	33.04
1112	12737	12961	12877	32.74
1113	12768	12993	12909	32.42
1114	12798	13026	12942	32.08
1115	12829	13057	12974	31.73
1116	12860	13088	13006	31.36
1117	12890	13118	13037	30.97
1118	12921	13148	13068	30.57
1119	12950	13179	13098	30.15
1120	12979	13209	13129	29.73
1121	13007	13239	13158	29.3
1122	13036	13268	13188	28.87
1123	13063	13296	13217	28.43
1124	13091	13325	13245	27.99
1125	13118	13353	13273	27.54
1126	13145	13381	13300	27.09
1127	13172	13409	13328	26.64
1128	13199	13436	13354	26.18
1129	13224	13464	13380	25.72
1130	13247	13490	13406	25.25
1131	13269	13515	13431	24.78
1132	13292	13541	13456	24.3
1133	13314	13566	13480	23.82
1134	13338	13591	13504	23.34
1135	13362	13615	13528	22.85
1136	13385	13639	13550	22.36
1137	13409	13662	13573	21.86
1138	13433	13685	13595	21.36
1139	13454	13707	13616	20.85
1140	13475	13728	13637	20.34
1141	13495	13748	13657	19.82
1142	13513	13768	13677	19.3
1143	13531	13788	13696	18.78
1144	13550	13807	13715	18.25
1145	13569	13825	13733	17.72
1146	13588	13842	13751	17.18
1147	13603	13860	13768	16.64
1148	13618	13877	13785	16.09
1149	13633	13894	13801	15.54
1150	13647	13910	13817	14.99
1151	13663	13926	13832	14.43
1152	13678	13940	13846	13.87
1153	13691	13954	13860	13.3
1154	13704	13968	13873	12.75
1155	13718	13981	13886	12.22
1156	13732	13993	13898	11.71
1157	13745	14006	13910	11.22
1158	13758	14018	13921	10.75
1159	13770	14029	13932	10.29
1160	13781	14041	13942	9.86
1161	13793	14052	13952	9.44
1162	13804	14063	13961	9.05
1163	13815	14073	13970	8.67
1164	13825	14083	13979	8.31
1165	13835	14091	13987	7.97
1166	13845	14100	13995	7.65
1167	13854	14109	14003	7.34
1168	13862	14119	14010	7.06
1169	13871	14129	14017	6.79
1170	13879	14137	14024	6.55
1171	13889	14146	14031	6.32
1172	13898	14154	14037	6.11
1173	13908	14164	14043	5.92
1174	13915	14174	14049	5.75
1175	13925	14185	14055	5.59
1176	13933	14194	14061	5.44
1177	13939	14203	14066	5.29
1178	13946	14211	14071	5.15
1179	13953	14219	14076	5.02
1180	13960	14227	14081	4.9
1181	13968	14234	14086	4.79
1182	13974	14242	14091	4.68
1183	13980	14251	14096	4.59
1184	13986	14261	14100	4.5
1185	13992	14269	14105	4.42
1186	14000	14278	14109	4.34
1187	14007	14288	14114	4.28
1188	14013	14298	14118	4.22
1189	14018	14304	14122	4.17
1190	14021	14311	14126	4.13
1191	14027	14318	14130	4.1
1192	14032	14327	14135	4.08
1193	14036	14336	14139	4.06
1194	14040	14344	14143	4.05
1195	14046	14352	14147	4.05
1196	14048	14360	14151	4.05
1197	14052	14369	14155	4.05
1198	14057	14377	14159	4.05
1200	14062	14397	14167	NA
