1.00 
3.00 
5.00 
7.00 
9.00 
11.00 
13.00 
15.00 
17.00 
19.00 
21.00 
23.00 
25.00 
27.00 
29.00 
31.00 
33.00 
35.00 
37.00 
39.00 
41.00 
43.00 
45.00 
47.00 
49.00 
51.00 
53.00 
55.00 
57.00 
59.00 
61.00 
63.00 
65.00 
67.00 
69.00 
71.00 
73.00 
75.00 
77.00 
79.00 
81.00 
83.00 
85.00 
87.00 
89.00 
91.00 
93.00 
95.00 
97.00 
99.00 
101.00 
103.00 
105.00 
107.00 
109.00 
111.00 
113.00 
115.00 
117.00 
119.00 
121.00 
126.00 
131.00 
136.00 
141.00 
146.00 
151.00 
156.00 
161.00 
166.00 
171.00 
176.00 
186.00 
191.00 
196.00 
201.00 
206.00 
211.00 
216.00 
221.00 
226.00 
231.00 
236.00 
241.00 
246.00 
251.00 
256.00 
261.00 
266.00 
271.00 
276.00 
281.00 
286.00 
291.00 
296.00 
301.00 
306.00 
311.00 
316.00 
321.00 
326.00 
331.00 
336.00 
341.00 
346.00 
351.00 
356.00 
361.00 
366.00 
371.00 
376.00 
381.00 
386.00 
391.00 
396.00 