"depth"	"constant"	"bad.extra"	"good.extra"	"best.extra"	"stars"
0	0	1	1	1	3
12.5	0	1	1	1	3
25	0	1	1	1	3
37.5	0	1	1	1	3
50	0	1	1	1	3
62.5	0	1	1	1	3
75	0	1	1	1	3
87.5	0	1	1	1	3
100	0	1	1	1	3
112.5	0	1	1	1	3
125	0	1	1	1	3
137.5	0	1	1	1	3
150	0	1	1	1	3
162.5	0	1	1	1	3
175	0	1	1	1	3
187.5	0	1	1	1	3
200	0	1	1	1	3
212.5	0	1	1	1	3
225	0	1	1	0	2
237.5	0	1	1	0	2
250	0	1	1	0	2
262.5	0	1	1	0	2
275	0	1	0	0	1
287.5	0	1	0	0	1
300	0	1	0	0	1
312.5	0	1	0	0	1
325	0	0	0	0	0
337.5	0	0	0	0	0
350	0	0	0	0	0
362.5	0	0	0	0	0
375	0	0	0	0	0
387.5	0	0	0	0	0
400	0	0	0	0	0
412.5	0	0	0	0	0
425	0	0	0	0	0
437.5	0	0	0	0	0
450	0	0	0	0	0
462.5	0	0	0	0	0
475	0	0	0	0	0
487.5	0	0	0	0	0
500	0	0	0	0	0
512.5	0	0	0	0	0
525	0	0	0	0	0
537.5	0	0	0	0	0
550	0	0	0	0	0
562.5	0	0	0	0	0
575	0	0	0	0	0
587.5	1	1	0	0	2
600	1	1	1	1	4
612.5	1	1	1	0	3
625	1	1	0	0	2
637.5	1	1	1	1	4
650	1	1	1	1	4
662.5	1	1	1	0	3
675	1	1	0	0	2
687.5	1	0	0	0	1
700	1	1	0	0	2
712.5	1	1	0	0	2
725	1	1	1	1	4
737.5	1	1	1	1	4
750	1	1	1	1	4
762.5	1	1	1	0	3
775	1	1	0	0	2
787.5	1	1	0	0	2
800	1	0	0	0	1
812.5	1	0	0	0	1
825	1	0	0	0	1
837.5	1	0	0	0	1
850	1	0	0	0	1
862.5	1	0	0	0	1
875	1	0	0	0	1
887.5	1	1	0	0	2
900	1	1	0	0	2
912.5	1	1	1	1	4
925	1	1	1	1	4
937.5	1	1	1	1	4
950	1	1	1	0	3
962.5	1	1	0	0	2
975	1	0	0	0	1
987.5	1	0	0	0	1
1000	1	0	0	0	1
1012.5	1	0	0	0	1
1025	1	1	0	0	2
1037.5	1	1	1	1	4
1050	1	1	1	1	4
1062.5	1	1	1	0	3
1075	1	1	0	0	2
1087.5	1	0	0	0	1
1100	1	0	0	0	1
1112.5	1	0	0	0	1
1125	1	0	0	0	1
1137.5	1	0	0	0	1
1150	1	0	0	0	1
1162.5	1	0	0	0	1
1175	1	0	0	0	1
1187.5	1	0	0	0	1
1200	1	0	0	0	1
1212.5	1	0	0	0	1
1225	1	0	0	0	1
1237.5	1	0	0	0	1
1250	1	1	0	0	2
1262.5	1	1	0	0	2
1275	1	1	1	1	4
1287.5	0	1	1	1	3
1300	0	1	1	0	2
1312.5	0	1	0	0	1
1325	0	0	0	0	0
1337.5	0	0	0	0	0
1350	0	0	0	0	0
1375	0	0	0	0	0
1400	0	0	0	0	0
1425	0	0	0	0	0
1450	0	0	0	0	0
1475	0	0	0	0	0
1500	0	0	0	0	0
1525	0	0	0	0	0
1550	0	0	0	0	0
1575	0	0	0	0	0
1600	0	0	0	0	0
1625	0	0	0	0	0
1650	0	0	0	0	0
1662.5	0	0	0	0	0
1675	0	0	0	0	0
1687.5	0	0	0	0	0
1700	0	0	0	0	0
1712.5	0	0	0	0	0
1725	0	0	0	0	0
1737.5	0	0	0	0	0
1750	0	0	0	0	0
1762.5	0	0	0	0	0
1775	0	0	0	0	0
1787.5	0	0	0	0	0
1800	0	0	0	0	0
1812.5	0	0	0	0	0
1825	0	0	0	0	0
1837.5	0	0	0	0	0
1850	0	0	0	0	0
1875	0	0	0	0	0
1900	0	0	0	0	0
1925	0	0	0	0	0
1950	0	0	0	0	0
1975	0	0	0	0	0
2000	0	0	0	0	0
2025	0	0	0	0	0
2050	0	0	0	0	0
2075	0	0	0	0	0
2100	0	0	0	0	0
2125	0	0	0	0	0
2150	0	0	0	0	0
2175	0	0	0	0	0
2200	0	0	0	0	0
2225	0	0	0	0	0
2250	0	0	0	0	0
2275	0	0	0	0	0
2300	0	0	0	0	0
2325	0	0	0	0	0
2350	0	0	0	0	0
2375	0	0	0	0	0
2400	0	0	0	0	0
2425	0	0	0	0	0
2450	0	0	0	0	0
2475	0	0	0	0	0
2500	0	0	0	0	0
2525	0	0	0	0	0
2550	0	0	0	0	0
2575	0	0	0	0	0
2600	0	0	0	0	0
2625	0	0	0	0	0
2650	0	0	0	0	0
2675	0	0	0	0	0
2700	0	0	0	0	0
2725	0	0	0	0	0
2750	0	0	0	0	0
2775	0	0	0	0	0
2800	0	0	0	0	0
2825	0	0	0	0	0
2850	0	0	0	0	0
2875	0	0	0	0	0
2900	0	0	0	0	0
2925	0	0	0	0	0
2950	0	0	0	0	0
2975	0	0	0	0	0
3000	0	0	0	0	0
3025	0	0	0	0	0
3050	0	0	0	0	0
3075	0	0	0	0	0
3100	0	0	0	0	0
3125	0	0	0	0	0
3150	0	0	0	0	0
3175	0	0	0	0	0
3200	0	0	0	0	0
3225	0	0	0	0	0
3250	0	0	0	0	0
3275	0	0	0	0	0
3300	0	0	0	0	0
3312.5	0	0	0	0	0
3325	0	0	0	0	0
3337.5	0	0	0	0	0
3350	0	0	0	0	0
3362.5	0	0	0	0	0
3375	0	0	0	0	0
3387.5	0	0	0	0	0
3400	0	0	0	0	0
3412.5	0	0	0	0	0
3425	0	0	0	0	0
3437.5	0	0	0	0	0
3450	0	0	0	0	0
3462.5	0	0	0	0	0
3475	0	0	0	0	0
3487.5	0	0	0	0	0
3500	0	0	0	0	0
3525	0	0	0	0	0
3550	0	0	0	0	0
3575	0	0	0	0	0
3600	0	0	0	0	0
3625	0	0	0	0	0
3650	0	0	0	0	0
3775	0	0	0	0	0
3800	0	0	0	0	0
3825	0	0	0	0	0
3850	0	0	0	0	0
3875	0	0	0	0	0
3900	0	0	0	0	0
3925	0	0	0	0	0
3950	0	0	0	0	0
3975	0	0	0	0	0
4000	0	0	0	0	0
4025	0	0	0	0	0
4050	0	0	0	0	0
4075	0	0	0	0	0
4100	0	0	0	0	0
4125	0	0	0	0	0
4150	0	0	0	0	0
4175	0	0	0	0	0
4200	0	0	0	0	0
4225	0	0	0	0	0
4250	0	0	0	0	0
4275	0	0	0	0	0
4300	0	0	0	0	0
4325	0	0	0	0	0
4350	0	0	0	0	0
