0
12.5
25
37.5
50
62.5
75
87.5
100
112.5
125
137.5
150
162.5
175
187.5
200
212.5
225
237.5
250
262.5
275
287.5
300
312.5
325
337.5
350
362.5
375
387.5
400
412.5
425
437.5
450
462.5
475
487.5
500
512.5
525
537.5
550
562.5
575
587.5
600
612.5
625
637.5
650
662.5
675
687.5
700
712.5
725
737.5
750
762.5
775
787.5
800
812.5
825
837.5
850
862.5
875
887.5
900
912.5
925
937.5
950
962.5
975
987.5
1000
1012.5
1025
1037.5
1050
1062.5
1075
1087.5
1100
1112.5
1125
1137.5
1150
1162.5
1175
1187.5
1200
1212.5
1225
1237.5
1250
1262.5
1275
1287.5
1300
1312.5
1325
1337.5
1350
1375
1400
1425
1450
1475
1500
1525
1550
1575
1600
1625
1650
1662.5
1675
1687.5
1700
1712.5
1725
1737.5
1750
1762.5
1775
1787.5
1800
1812.5
1825
1837.5
1850
1875
1900
1925
1950
1975
2000
2025
2050
2075
2100
2125
2150
2175
2200
2225
2250
2275
2300
2325
2350
2375
2400
2425
2450
2475
2500
2525
2550
2575
2600
2625
2650
2675
2700
2725
2750
2775
2800
2825
2850
2875
2900
2925
2950
2975
3000
3025
3050
3075
3100
3125
3150
3175
3200
3225
3250
3275
3300
3312.5
3325
3337.5
3350
3362.5
3375
3387.5
3400
3412.5
3425
3437.5
3450
3462.5
3475
3487.5
3500
3525
3550
3575
3600
3625
3650
3775
3800
3825
3850
3875
3900
3925
3950
3975
4000
4025
4050
4075
4100
4125
4150
4175
4200
4225
4250
4275
4300
4325
4350
