6.25
18.75
31.25
43.75
56.25
68.75
81.25
93.75
106.25
118.75
131.25
143.75
156.25
168.75
181.25
193.75
206.25
218.75
231.25
243.75
256.25
268.75
281.25
293.75
306.25
318.75
331.25
343.75
356.25
368.75
381.25
393.75
406.25
418.75
431.25
443.75
456.25
468.75
481.25
493.75
500
506.25
512.5
518.75
525
531.25
537.5
543.75
556.25
568.75
581
593.75
606
618.75
631
643.75
656
668.75
681
693.75
706
718.75
731
743.75
756.25
768.75
781.25
793.75
806.25
818.75
831.25
843.75
856.25
868.75
881.25
893.75
906.25
918.75
931.25
943.75
956.25
968.75
981.25
987.5
1000
1006.25
1018.75
1031.25
1043.75
1056.25
1068.75
1081.25
1093.75
1106.25
1118.75
1131.25
1143.75
1150
1162.5
1168.75
1181.25
1193.75
1200
