depth	min95%	max95%	best	acc.rate
1	-165	-39	-92	1.04
2	-163	-38	-91	1.04
3	-160	-37	-90	1.04
4	-157	-37	-89	1.04
5	-155	-36	-88	1.04
6	-152	-35	-87	1.04
7	-150	-34	-86	1.04
8	-147	-34	-85	1.04
9	-145	-33	-84	1.04
10	-142	-32	-83	1.04
11	-139	-32	-82	1.04
12	-137	-31	-81	1.04
13	-134	-30	-80	1.04
14	-132	-29	-79	1.04
15	-129	-29	-78	1.04
16	-127	-28	-77	1.04
17	-124	-27	-76	1.04
18	-121	-26	-75	1.04
19	-119	-26	-74	1.04
20	-116	-25	-73	1.04
21	-114	-24	-72	1.04
22	-111	-23	-71	1.04
23	-108	-23	-70	1.04
24	-106	-22	-69	1.04
25	-103	-21	-68	1.04
26	-101	-20	-67	1.04
27	-98	-20	-65	1.04
28	-95	-19	-64	1.04
29	-93	-18	-63	1.04
30	-90	-18	-62	1.04
31	-88	-17	-61	1.04
32	-85	-16	-60	1.04
33	-83	-15	-59	1.04
34	-80	-15	-58	1.04
35	-77	-14	-57	1.04
36	-75	-13	-56	1.04
37	-73	-13	-55	1.04
38	-70	-12	-54	1.04
39	-67	-11	-53	1.04
40	-65	-10	-52	1.04
41	-63	-10	-51	1.04
42	-60	-9	-50	1.04
43	-58	-8	-49	1.04
44	-57	-7	-48	83.11
45	26	76	35	83.11
46	107	160	118	83.11
47	189	244	201	83.11
48	270	327	285	83.11
49	352	411	368	83.11
50	433	495	451	83.11
51	514	579	534	83.11
52	596	662	617	83.11
53	677	746	700	83.11
54	758	830	783	83.11
55	840	914	866	83.11
56	921	997	949	83.11
57	1003	1081	1033	83.11
58	1084	1165	1116	83.11
59	1166	1249	1199	83.11
60	1247	1332	1282	83.11
61	1328	1416	1365	83.11
62	1409	1500	1448	83.11
63	1491	1584	1531	83.11
64	1572	1667	1614	83.11
65	1654	1751	1697	83.11
66	1735	1835	1781	83.11
67	1816	1918	1864	83.11
68	1898	2002	1947	83.11
69	1979	2086	2030	83.11
70	2061	2172	2113	83.11
71	2142	2256	2196	83.11
72	2223	2340	2279	83.11
73	2305	2425	2362	83.11
74	2386	2509	2445	83.11
75	2467	2593	2529	83.11
76	2549	2678	2612	83.11
77	2630	2762	2695	83.11
78	2711	2847	2778	83.11
79	2793	2932	2861	83.11
80	2874	3017	2944	83.11
81	2955	3101	3027	83.11
82	3037	3186	3110	83.11
83	3118	3270	3193	83.11
84	3199	3355	3277	83.11
85	3281	3440	3360	83.11
86	3362	3525	3443	83.11
87	3443	3610	3526	83.11
88	3524	3695	3609	83.11
89	3605	3780	3692	119.85
90	3727	3899	3812	156.58
91	3888	4051	3968	156.58
92	4047	4206	4125	156.58
93	4208	4362	4282	156.58
94	4367	4517	4438	156.58
95	4527	4671	4595	156.58
96	4686	4825	4751	156.58
97	4846	4981	4908	156.58
98	5005	5137	5065	156.58
99	5164	5294	5221	156.58
100	5319	5450	5378	156.58
101	5474	5605	5534	156.58
102	5630	5762	5691	156.58
103	5784	5919	5847	156.58
104	5938	6076	6004	156.58
105	6089	6235	6161	156.58
106	6237	6396	6317	156.58
107	6388	6556	6474	129.24
108	6516	6685	6603	101.9
109	6621	6784	6705	101.9
110	6727	6884	6807	101.9
111	6833	6982	6909	101.9
112	6938	7082	7011	101.9
113	7044	7182	7113	101.9
114	7149	7281	7214	101.9
115	7253	7381	7316	101.9
116	7357	7479	7418	101.9
117	7462	7577	7520	101.9
118	7568	7676	7622	101.9
119	7673	7776	7724	101.9
120	7777	7875	7826	101.9
121	7883	7975	7928	101.9
122	7986	8075	8030	101.9
123	8089	8174	8132	101.9
124	8193	8275	8233	101.9
125	8297	8375	8335	101.9
126	8401	8475	8437	101.9
127	8504	8576	8539	101.9
128	8606	8676	8641	101.9
129	8708	8776	8743	101.9
130	8811	8877	8845	101.9
131	8913	8978	8947	101.9
132	9015	9079	9049	101.9
133	9116	9180	9151	101.9
134	9217	9282	9252	101.9
135	9319	9384	9354	101.9
136	9420	9487	9456	108.24
137	9529	9596	9565	114.58
138	9644	9711	9679	114.58
139	9759	9826	9794	114.58
140	9873	9940	9908	114.58
141	9988	10056	10023	114.58
142	10099	10171	10137	114.58
143	10212	10287	10252	114.58
144	10326	10403	10367	114.58
145	10439	10519	10481	114.58
146	10550	10635	10596	114.58
147	10660	10750	10710	114.58
148	10769	10866	10825	114.58
149	10878	10983	10940	114.58
150	10986	11100	11054	114.58
151	11095	11216	11169	114.58
152	11203	11333	11283	114.58
153	11312	11449	11398	114.58
154	11421	11566	11512	114.58
155	11530	11685	11627	114.58
156	11640	11803	11742	114.58
157	11750	11919	11856	114.58
158	11858	12035	11971	114.58
159	11968	12152	12085	114.58
160	12078	12269	12200	114.58
161	12188	12387	12315	114.58
162	12298	12506	12429	114.58
163	12407	12624	12544	99.12
164	12507	12724	12643	83.66
165	12597	12807	12726	83.66
166	12692	12891	12810	83.66
167	12788	12979	12894	83.66
168	12876	13071	12977	83.66
169	12954	13169	13061	83.66
170	13033	13264	13145	83.66
171	13112	13363	13228	83.66
172	13184	13463	13312	83.66
173	13253	13560	13396	83.66
174	13325	13660	13479	83.66
175	13402	13760	13563	83.66
176	13473	13863	13647	83.66
177	13550	13965	13730	83.66
178	13619	14066	13814	83.66
179	13689	14168	13898	83.66
180	13759	14269	13981	83.66
181	13829	14371	14065	83.66
182	13898	14473	14149	83.66
183	13966	14574	14232	83.66
184	14036	14675	14316	83.66
185	14105	14777	14400	83.66
186	14173	14878	14483	129.77
187	14298	15016	14613	175.89
188	14478	15190	14789	175.89
189	14657	15365	14965	175.89
190	14835	15538	15141	175.89
191	15013	15711	15317	175.89
192	15192	15884	15493	175.89
193	15369	16056	15669	175.89
194	15549	16226	15844	175.89
195	15729	16396	16020	175.89
196	15909	16566	16196	175.89
197	16086	16738	16372	175.89
198	16263	16915	16548	175.89
199	16440	17091	16724	175.89
200	16616	17267	16900	175.89
201	16795	17441	17076	175.89
202	16974	17615	17251	175.89
203	17154	17788	17427	175.89
204	17331	17961	17603	175.89
205	17508	18134	17779	175.89
206	17684	18305	17955	175.89
207	17862	18476	18131	175.89
208	18040	18647	18307	175.89
209	18219	18818	18483	175.89
210	18397	18990	18659	175.89
211	18576	19164	18834	175.89
212	18754	19339	19010	175.89
213	18931	19513	19186	175.89
214	19107	19687	19362	175.89
215	19282	19861	19538	175.89
220	20168	20729	20417	175.89
225	21049	21595	21297	175.89
230	21932	22458	22176	175.89
235	22814	23320	23056	175.89
240	23694	24191	23935	175.89
245	24574	25061	24815	175.89
250	25450	25934	25694	175.89
255	26325	26813	26573	175.89
260	27206	27702	27453	175.89
265	28074	28591	28332	175.89
270	28941	29480	29212	175.89
275	29815	30373	30091	175.89
280	30681	31257	30971	175.89
285	31548	32146	31850	175.89
290	32419	33031	32729	175.89
295	33288	33918	33609	175.89
300	34071	34728	34400	NA
