depth	min95%	max95%	best	acc.rate
50	-3398	7	-1592	0.3
100	-3370	10	-1577	0.3
150	-3341	13	-1562	0.3
200	-3312	17	-1547	0.3
250	-3283	20	-1532	0.3
300	-3254	24	-1517	0.3
350	-3225	27	-1502	0.3
400	-3196	30	-1487	0.3
450	-3167	34	-1472	0.3
500	-3138	37	-1457	0.3
550	-3109	40	-1442	0.3
600	-3080	43	-1427	0.3
650	-3051	47	-1412	0.3
700	-3023	50	-1397	0.3
750	-2994	54	-1382	0.3
800	-2965	57	-1367	0.3
850	-2936	61	-1352	0.3
900	-2907	64	-1337	0.3
950	-2878	68	-1322	0.3
1000	-2848	71	-1307	0.3
1050	-2819	75	-1292	0.3
1100	-2790	78	-1277	0.3
1150	-2761	81	-1262	0.3
1200	-2732	83	-1247	0.3
1250	-2703	85	-1232	0.3
1300	-2674	88	-1217	0.3
1350	-2645	90	-1202	0.3
1400	-2616	92	-1187	0.3
1450	-2587	94	-1172	0.3
1500	-2558	96	-1157	0.3
1550	-2529	99	-1142	0.3
1600	-2500	101	-1127	0.3
1650	-2471	103	-1112	0.3
1700	-2441	105	-1097	0.3
1750	-2412	107	-1082	0.3
1800	-2383	110	-1067	0.3
1850	-2354	112	-1052	0.3
1900	-2325	114	-1037	0.3
1950	-2296	116	-1022	0.3
2000	-2267	119	-1007	0.3
2050	-2238	121	-992	0.3
2100	-2209	123	-977	0.3
2150	-2180	125	-962	0.3
2200	-2151	127	-947	0.3
2250	-2122	130	-932	0.3
2300	-2093	132	-917	0.3
2350	-2064	134	-902	0.3
2400	-2034	136	-887	0.3
2450	-2005	138	-872	0.3
2500	-1976	141	-857	0.3
2550	-1947	144	-842	0.3
2600	-1918	147	-827	0.3
2650	-1889	149	-812	0.3
2700	-1860	151	-797	0.3
2750	-1831	154	-782	0.3
2800	-1802	156	-767	0.3
2850	-1773	158	-753	0.3
2900	-1744	160	-738	0.3
2950	-1715	163	-723	0.3
3000	-1686	165	-708	0.3
3050	-1657	167	-693	0.3
3100	-1627	170	-678	0.3
3150	-1598	173	-663	0.3
3200	-1569	175	-648	0.3
3250	-1540	177	-633	0.3
3300	-1511	180	-618	0.3
3350	-1482	183	-603	0.3
3400	-1453	186	-588	0.3
3450	-1424	189	-573	0.3
3500	-1395	192	-558	0.3
3550	-1366	195	-543	0.3
3600	-1337	198	-528	0.3
3650	-1308	201	-513	0.3
3700	-1278	204	-498	0.3
3750	-1249	206	-483	0.3
3800	-1220	209	-468	0.3
3850	-1191	212	-453	0.3
3900	-1162	215	-438	0.3
3950	-1133	218	-423	0.3
4000	-1104	221	-408	0.3
4050	-1074	224	-393	0.3
4100	-1045	227	-378	0.3
4150	-1016	232	-363	0.3
4200	-987	236	-348	0.3
4250	-958	240	-333	0.3
4300	-929	244	-318	0.3
4350	-900	248	-303	0.3
4400	-871	252	-288	0.3
4450	-841	256	-273	0.3
4500	-812	260	-258	0.3
4550	-783	264	-243	0.3
4600	-754	268	-228	0.3
4650	-725	270	-213	0.3
4700	-696	274	-198	0.3
4750	-667	279	-183	0.3
4800	-638	283	-168	0.3
4850	-608	287	-153	0.3
4900	-579	289	-138	0.3
4950	-550	291	-123	0.3
5000	-520	293	-108	0.3
5050	-492	295	-93	0.3
5100	-463	297	-78	0.3
5150	-434	301	-63	0.3
5200	-406	306	-48	0.3
5250	-377	311	-33	0.3
5300	-348	316	-18	0.3
5350	-319	321	-3	0.3
5400	-289	326	12	0.3
5450	-260	330	27	0.3
5500	-231	335	42	0.3
5550	-203	339	57	0.3
5600	-176	342	72	0.3
5650	-148	348	87	0.3
5700	-119	354	102	0.3
5750	-91	359	117	0.3
5800	-64	363	132	0.3
5850	-37	365	147	0.3
5900	-10	370	162	0.3
5950	16	373	177	0.3
6000	42	377	192	0.3
6050	66	380	207	0.3
6100	90	386	222	0.3
6150	111	388	237	0.3
6200	133	390	252	0.3
6250	155	395	267	0.3
6300	177	405	282	0.3
6350	199	412	297	0.3
6400	220	417	312	0.3
6450	237	425	327	0.3
6500	257	434	342	0.3
6550	273	447	357	0.3
6600	289	457	372	0.3
6650	303	473	387	0.3
6700	313	490	402	1.86
6750	393	598	495	1.86
6800	455	731	588	1.86
6850	515	871	681	1.86
6900	566	1013	774	1.86
6950	608	1162	867	1.86
7000	653	1314	960	1.86
7050	697	1461	1052	1.86
7100	736	1618	1145	1.86
7150	780	1772	1238	1.86
7200	821	1925	1331	1.86
7250	918	1987	1417	1.68
7300	1032	2036	1501	1.68
7350	1148	2084	1585	1.68
7400	1247	2128	1669	1.68
7450	1357	2184	1753	1.68
7500	1442	2237	1837	1.68
7550	1522	2311	1921	1.68
7600	1604	2406	2005	1.68
7650	1666	2493	2089	1.68
7700	1737	2592	2173	1.68
7750	1809	2717	2257	1.68
7800	1851	2844	2341	1.68
7850	1901	2883	2388	0.74
7900	1955	2899	2425	0.74
7950	2013	2914	2462	0.74
8000	2073	2933	2499	0.74
8050	2128	2953	2536	0.74
8100	2176	2974	2573	0.74
8150	2231	2995	2610	0.74
8200	2282	3018	2648	0.74
8250	2332	3040	2685	0.74
8300	2384	3058	2722	0.74
8350	2434	3076	2759	0.74
8400	2487	3097	2796	0.74
8450	2537	3118	2833	0.74
8500	2586	3143	2870	0.74
8550	2636	3166	2907	0.74
8600	2690	3183	2944	0.74
8650	2739	3203	2981	0.74
8700	2789	3234	3018	0.74
8750	2837	3263	3056	0.74
8800	2878	3292	3093	0.74
8850	2924	3315	3130	0.74
8900	2970	3341	3167	0.74
8950	3015	3368	3204	0.74
9000	3057	3399	3241	0.74
9050	3098	3435	3278	0.74
9100	3137	3479	3315	0.74
9150	3168	3515	3352	0.74
9200	3199	3556	3389	0.74
9250	3325	3675	3507	2.76
9300	3468	3808	3645	2.76
9350	3618	3947	3783	2.76
9400	3750	4088	3921	2.76
9450	3875	4223	4059	2.76
9500	3998	4378	4198	2.76
9550	4120	4538	4336	2.76
9600	4230	4686	4474	2.76
9650	4343	4843	4612	2.76
9700	4451	5000	4750	2.76
9750	4554	5159	4888	2.76
9800	4658	5320	5026	2.76
9850	4764	5490	5164	2.76
9900	4870	5655	5302	2.76
9950	4977	5808	5440	2.76
10000	5084	5972	5578	2.76
10050	5390	6266	5879	6.45
10100	5723	6581	6201	6.45
10150	6048	6897	6524	6.45
10200	6386	7217	6846	6.45
10250	6716	7537	7169	6.45
10300	7045	7855	7491	6.45
10350	7373	8170	7814	6.45
10400	7704	8483	8137	6.45
10450	8037	8799	8459	6.45
10500	8365	9117	8782	6.45
10550	8693	9435	9104	6.45
10600	9023	9749	9427	6.45
10650	9352	10063	9749	6.45
10700	9679	10388	10072	6.45
10750	10007	10708	10394	6.45
10800	10333	11030	10717	6.45
10850	10659	11347	11039	6.45
10900	10986	11663	11362	6.45
10950	11315	11986	11685	6.45
11000	11650	12302	12007	6.45
11050	11985	12623	12330	6.45
11100	12311	12946	12652	6.45
11150	12635	13272	12975	6.45
11200	12959	13596	13297	6.45
11250	13281	13917	13620	6.45
11300	13608	14243	13942	6.45
11350	13929	14566	14265	6.45
11400	14258	14886	14588	6.45
11450	14583	15212	14910	6.45
11500	14907	15537	15233	6.45
11550	15230	15861	15555	6.45
11600	15553	16186	15878	6.45
11650	15876	16506	16200	6.45
11700	16199	16834	16523	6.45
11750	16523	17159	16845	6.45
11800	16846	17488	17168	6.45
11850	17163	17813	17491	6.45
11900	17484	18139	17813	6.45
11950	17801	18465	18136	6.45
12000	18114	18792	18458	6.45
12050	18428	19118	18781	6.45
12100	18742	19445	19103	6.45
12150	19060	19774	19426	6.45
12200	19379	20102	19748	6.45
12250	19699	20429	20071	6.45
12300	20020	20759	20394	6.45
12350	20336	21087	20716	6.45
12400	20651	21414	21039	6.45
12450	20968	21742	21361	6.45
12500	21286	22070	21684	6.45
12550	21602	22396	22006	6.45
12600	21919	22721	22329	6.45
12650	22234	23047	22651	6.45
12700	22548	23369	22974	6.45
12750	22860	23698	23297	6.45
12800	23175	24027	23619	6.45
12850	23491	24356	23942	6.45
12900	23803	24690	24264	6.45
12950	24119	25017	24587	6.45
13000	24429	25347	24909	6.45
13050	24741	25675	25232	6.45
13100	25059	26003	25554	6.45
13150	25371	26331	25877	6.45
13200	25684	26663	26200	NA
