44
165
257
367
487
617
737
857
977
1095
1217
1336
1457
1577
1696
1817
1937
2057
2177
2297
2417
2537
2668
2777
2895
3017
3140
3262
3377
3494
3617
3738
3857
3977
4100
4217
4339
4457
4577
4695
4817
4937
5057
5177
5296
5417
5537
5657
5777
5896
6017
6077
6137
6197
6257
6317
6377
6440
6500
6557
6617
6677
6736
6796
6867
6927
6987
7040
7100
7154
7208
7287
7331
7391
7434
7527
7587
7636
7696
7747
7827
7877
7940
7971
8001
8030
8052
8096
8127
8157
8187
8215
8242
8272
8302
8367
8397
8427
8452
8477
8510
8547
8667
8697
8727
8752
8757
8762
8767
8772
8777
8782
8787
8810
8850
8879
8907
8937
8967
8997
9027
9057
9087
9117
9147
9177
9207
9227
9271
9299
9327
9352
9377
