depth	min95%	max95%	best	acc.rate
0	-93961	-35498	-77942	152.93
12.5	-91721	-34393	-76030	152.93
25	-89482	-33289	-74119	152.93
37.5	-87242	-32184	-72207	152.93
50	-85003	-31080	-70296	152.93
62.5	-82763	-29975	-68384	152.93
75	-80524	-28871	-66473	152.93
87.5	-78284	-27766	-64561	152.93
100	-76045	-26678	-62650	152.93
112.5	-73805	-25668	-60738	152.93
125	-71566	-24589	-58826	152.93
137.5	-69326	-23499	-56915	152.93
150	-67087	-22395	-55003	152.93
162.5	-64848	-21318	-53092	152.93
175	-62608	-20243	-51180	152.93
187.5	-60369	-19167	-49269	152.93
200	-58129	-18092	-47357	152.93
212.5	-55890	-16999	-45445	152.93
225	-53652	-15891	-43534	152.93
237.5	-51414	-14780	-41622	152.93
250	-49176	-13665	-39711	152.93
262.5	-46938	-12551	-37799	152.93
275	-44700	-11437	-35888	152.93
287.5	-42462	-10323	-33976	152.93
300	-40224	-9209	-32064	152.93
312.5	-37986	-8094	-30153	152.93
325	-35739	-6980	-28241	152.93
337.5	-33492	-5866	-26330	152.93
350	-31251	-4752	-24418	152.93
362.5	-29012	-3638	-22507	152.93
375	-26772	-2523	-20595	152.93
387.5	-24533	-1415	-18683	152.93
400	-22293	-310	-16772	152.93
412.5	-20054	794	-14860	152.93
425	-17815	1899	-12949	152.93
437.5	-15577	3004	-11037	152.93
450	-13339	4109	-9126	152.93
462.5	-11098	5215	-7214	152.93
475	-8857	6328	-5302	152.93
487.5	-6616	7442	-3391	152.93
500	-4375	8556	-1479	152.93
512.5	-2123	9671	432	152.93
525	112	10789	2344	152.93
537.5	2360	11904	4255	152.93
550	4612	13020	6167	152.93
562.5	6813	14142	8079	152.93
575	8972	15269	9990	152.93
587.5	10726	16400	11902	152.82
600	12268	17528	13797	149.39
612.5	13719	18591	15623	141.54
625	15123	19572	17321	128.63
637.5	16421	20474	18834	111.66
650	17572	21261	20104	89.96
662.5	18567	22094	21112	70.59
675	19424	22929	21889	53.18
687.5	20169	23562	22469	39.12
700	20797	24037	22885	27.25
712.5	21355	24351	23172	18.5
725	21802	24597	23362	12.15
737.5	22182	24742	23492	8.72
750	22502	24836	23592	7.7
762.5	22747	24905	23688	7.67
775	22937	24987	23787	8.28
787.5	23117	25025	23897	9.46
800	23277	25131	24025	11.33
812.5	23450	25277	24180	13.73
825	23662	25482	24370	16.86
837.5	23908	25726	24601	20.48
850	24212	26026	24882	24.87
862.5	24601	26460	25221	29.7
875	25061	26982	25625	35.37
887.5	25598	27609	26102	41.41
900	26162	28226	26659	48.34
912.5	26706	28987	27305	55.6
925	27213	29836	28048	63.6
937.5	27700	30767	28884	70.34
950	28276	31760	29798	76.05
962.5	28885	32770	30774	80.27
975	29527	33886	31797	83.35
987.5	30185	35011	32850	85.05
1000	30891	36146	33918	85.51
1012.5	31601	37268	34983	84.69
1025	32299	38421	36030	82.52
1037.5	33038	39508	37043	79.18
1050	33778	40474	38006	74.44
1062.5	34496	41435	38909	69.69
1075	35206	42268	39752	65.02
1087.5	35917	43091	40540	60.79
1100	36623	43841	41275	56.66
1112.5	37317	44492	41961	52.96
1125	37998	45079	42602	49.38
1137.5	38661	45620	43200	46.19
1150	39370	46140	43760	43.15
1162.5	40044	46653	44283	40.49
1175	40680	47118	44774	38
1187.5	41303	47553	45236	35.86
1200	41923	47969	45673	33.91
1212.5	42596	48376	46087	32.29
1225	43251	48751	46482	30.88
1237.5	43836	49159	46861	29.79
1250	44426	49560	47228	28.92
1262.5	44994	49881	47586	28.35
1275	45588	50238	47939	28.03
1287.5	46124	50636	48288	27.97
1300	46589	51050	48638	27.97
1312.5	46881	51594	48988	27.97
1325	47076	52158	49337	27.97
1337.5	47159	52696	49687	27.97
1350	47288	53320	50037	27.97
1375	47438	54603	50736	27.97
1400	47597	56062	51435	27.97
1425	47706	57443	52134	27.97
1450	47784	59033	52834	27.97
1475	47948	60437	53533	27.97
1500	48119	61825	54232	27.97
1525	48290	63358	54931	27.97
1550	48461	64869	55630	27.97
1575	48632	66289	56330	27.97
1600	48800	67745	57029	27.97
1625	48962	69251	57728	27.97
1650	49084	70697	58427	27.97
1662.5	49152	71424	58777	27.97
1675	49234	72152	59127	27.97
1687.5	49315	72879	59476	27.97
1700	49396	73618	59826	27.97
1712.5	49478	74377	60176	27.97
1725	49559	75137	60525	27.97
1737.5	49640	75897	60875	27.97
1750	49720	76657	61224	27.97
1762.5	49799	77416	61574	27.97
1775	49879	78176	61924	27.97
1787.5	49959	78936	62273	27.97
1800	50039	79696	62623	27.97
1812.5	50119	80456	62973	27.97
1825	50199	81215	63322	27.97
1837.5	50279	81975	63672	27.97
1850	50359	82739	64021	27.97
1875	50519	84272	64721	27.97
1900	50679	85804	65420	27.97
1925	50832	87337	66119	27.97
1950	50972	88870	66818	27.97
1975	51100	90402	67518	27.97
2000	51228	91935	68217	27.97
2025	51382	93468	68916	27.97
2050	51538	94992	69615	27.97
2075	51695	96469	70315	27.97
2100	51851	97945	71014	27.97
2125	52008	99422	71713	27.97
2150	52162	100899	72412	27.97
2175	52311	102437	73112	27.97
2200	52460	103976	73811	27.97
2225	52609	105515	74510	27.97
2250	52758	107041	75209	27.97
2275	52906	108521	75909	27.97
2300	53055	110001	76608	27.97
2325	53204	111480	77307	27.97
2350	53353	112967	78006	27.97
2375	53507	114460	78706	27.97
2400	53669	115953	79405	27.97
2425	53830	117446	80104	27.97
2450	53992	118963	80803	27.97
2475	54153	120523	81503	27.97
2500	54315	122084	82202	27.97
2525	54476	123645	82901	27.97
2550	54638	125205	83600	27.97
2575	54799	126766	84300	27.97
2600	54961	128326	84999	27.97
2625	55122	129887	85698	27.97
2650	55284	131448	86397	27.97
2675	55445	132988	87097	27.97
2700	55607	134482	87796	27.97
2725	55768	135975	88495	27.97
2750	55930	137469	89194	27.97
2775	56091	138963	89894	27.97
2800	56253	140456	90593	27.97
2825	56414	141950	91292	27.97
2850	56576	143444	91991	27.97
2875	56737	144941	92691	27.97
2900	56895	146440	93390	27.97
2925	57053	147939	94089	27.97
2950	57212	149438	94788	27.97
2975	57370	150937	95488	27.97
3000	57528	152437	96187	27.97
3025	57686	153936	96886	27.97
3050	57843	155435	97585	27.97
3075	58001	156934	98285	27.97
3100	58158	158433	98984	27.97
3125	58315	159933	99683	27.97
3150	58472	161432	100382	27.97
3175	58630	162931	101082	27.97
3200	58787	164430	101781	27.97
3225	58944	165929	102480	27.97
3250	59100	167428	103179	27.97
3275	59255	168928	103879	27.97
3300	59410	170427	104578	27.97
3312.5	59488	171176	104927	27.97
3325	59565	171926	105277	27.97
3337.5	59643	172676	105627	27.97
3350	59720	173425	105976	27.97
3362.5	59798	174175	106326	27.97
3375	59876	174924	106676	27.97
3387.5	59953	175674	107025	27.97
3400	60031	176423	107375	27.97
3412.5	60108	177173	107724	27.97
3425	60186	177923	108074	27.97
3437.5	60263	178672	108424	27.97
3450	60341	179422	108773	27.97
3462.5	60419	180171	109123	27.97
3475	60496	180921	109473	27.97
3487.5	60574	181671	109822	27.97
3500	60651	182420	110172	27.97
3525	60807	183919	110871	27.97
3550	60962	185419	111570	27.97
3575	61117	186918	112270	27.97
3600	61272	188417	112969	27.97
3625	61427	189932	113668	27.97
3650	61582	191454	114367	27.97
3775	62358	199065	117864	27.97
3800	62513	200588	118563	27.97
3825	62668	202110	119262	27.97
3850	62819	203632	119961	27.97
3875	62971	205154	120661	27.97
3900	63110	206677	121360	27.97
3925	63241	208199	122059	27.97
3950	63373	209721	122758	27.97
3975	63504	211243	123458	27.97
4000	63635	212765	124157	27.97
4025	63766	214288	124856	27.97
4050	63898	215810	125555	27.97
4075	64029	217332	126255	27.97
4100	64160	218854	126954	27.97
4125	64292	220377	127653	27.97
4150	64423	221899	128352	27.97
4175	64554	223421	129051	27.97
4200	64686	224943	129751	27.97
4225	64826	226466	130450	27.97
4250	64977	227988	131149	27.97
4275	65129	229510	131848	27.97
4300	65281	231032	132548	27.97
4325	65432	232555	133247	27.97
4350	65584	234077	133946	NA
