depth	min95%	max95%	best	acc.rate
0	-111787	-102379	-107106	200.17
12.5	-109189	-99977	-104604	200.17
25	-106592	-97574	-102102	200.17
37.5	-103995	-95172	-99600	200.17
50	-101398	-92769	-97098	200.17
62.5	-98801	-90367	-94596	200.17
75	-96203	-87965	-92094	200.17
87.5	-93606	-85562	-89592	200.17
100	-91009	-83160	-87089	200.17
112.5	-88412	-80757	-84587	200.17
125	-85815	-78355	-82085	200.17
137.5	-83218	-75949	-79583	200.17
150	-80620	-73542	-77081	200.17
162.5	-78024	-71136	-74579	200.17
175	-75429	-68729	-72077	200.17
187.5	-72831	-66322	-69575	200.17
200	-70234	-63916	-67072	200.17
212.5	-67638	-61509	-64570	200.17
225	-65042	-59103	-62068	200.17
237.5	-62445	-56696	-59566	200.17
250	-59848	-54290	-57064	200.17
262.5	-57251	-51883	-54562	200.17
275	-54653	-49479	-52060	200.17
287.5	-52056	-47078	-49558	200.17
300	-49458	-44677	-47055	200.17
312.5	-46861	-42276	-44553	200.17
325	-44264	-39875	-42051	200.17
337.5	-41666	-37474	-39549	200.17
350	-39067	-35073	-37047	200.17
362.5	-36468	-32669	-34545	200.17
375	-33868	-30261	-32043	200.17
387.5	-31273	-27851	-29541	200.17
400	-28680	-25444	-27038	200.17
412.5	-26085	-23039	-24536	200.17
425	-23489	-20628	-22034	200.17
437.5	-20892	-18206	-19532	200.17
450	-18296	-15794	-17030	200.17
462.5	-15700	-13381	-14528	200.17
475	-13104	-10970	-12026	200.17
487.5	-10517	-8559	-9524	200.17
500	-7934	-6156	-7022	200.17
512.5	-5340	-3746	-4519	200.17
525	-2741	-1341	-2017	200.17
537.5	-155	1072	485	200.17
550	2437	3464	2987	200.17
562.5	5030	5869	5489	200.17
575	7614	8282	7991	200.17
587.5	10186	10721	10493	200.17
600	12741	13210	12995	200.17
612.5	15229	15710	15498	200.17
625	17718	18241	18000	200.17
637.5	20152	20795	20502	200.17
650	21647	22350	22030	5.45
662.5	21742	22418	22098	5.45
675	21806	22497	22167	5.45
687.5	21869	22598	22235	5.45
700	21912	22719	22303	5.45
712.5	21933	22875	22371	5.45
725	21974	23034	22439	5.45
737.5	21993	23210	22507	5.45
750	22139	23378	22669	24.34
762.5	22472	23633	22974	24.34
775	22833	23886	23278	24.34
787.5	23169	24145	23582	24.34
800	23496	24394	23886	24.34
812.5	23814	24652	24190	24.34
825	24134	24911	24495	24.34
837.5	24440	25182	24799	24.34
850	24733	25464	25103	24.34
862.5	25035	25764	25407	24.34
875	25308	26070	25711	24.34
887.5	25588	26398	26016	24.34
900	25859	26719	26320	24.34
912.5	26135	27049	26624	24.34
925	26952	27863	27434	125.6
937.5	28393	29620	29004	125.6
950	29763	31467	30575	125.6
962.5	31084	33366	32145	125.6
975	32403	35271	33715	125.6
987.5	33737	37212	35285	125.6
1000	35021	39182	36855	125.6
1012.5	36321	41113	38425	125.6
1025	37624	43084	39995	125.6
1037.5	38874	45008	41565	125.6
1050	39988	46550	42871	19.97
1062.5	40367	46679	43120	19.97
1075	40704	46748	43370	19.97
1087.5	41109	46823	43620	19.97
1100	41489	46849	43869	19.97
1112.5	41906	46952	44119	19.97
1125	42278	47096	44368	19.97
1137.5	42645	47158	44618	19.97
1150	42945	47316	44868	19.97
1162.5	43213	47479	45117	19.97
1175	43500	47638	45367	19.97
1187.5	43747	47791	45617	19.97
1200	43986	47986	45866	19.97
1212.5	44153	48185	46116	19.97
1225	44348	48396	46365	19.97
1237.5	44567	48652	46615	19.97
1250	44747	48928	46865	19.97
1262.5	44873	49164	47114	19.97
1275	45068	49481	47364	19.97
1287.5	45173	49831	47604	19.97
1300	45241	50231	47853	19.97
1312.5	45339	50627	48103	19.97
1325	45443	51028	48352	19.97
1337.5	45583	51451	48602	19.97
1350	45681	51861	48852	19.97
1375	45859	52713	49351	19.97
1400	46030	53613	49850	19.97
1425	46217	54531	50349	19.97
1450	46424	55445	50849	19.97
1475	46568	56359	51348	19.97
1500	46755	57275	51847	19.97
1525	46891	58210	52346	19.97
1550	46985	59161	52846	19.97
1575	47055	60052	53345	19.97
1600	47206	60953	53844	19.97
1625	47358	61866	54343	19.97
1650	47427	62762	54843	19.97
1662.5	47466	63204	55092	19.97
1675	47507	63647	55342	19.97
1687.5	47549	64109	55592	19.97
1700	47591	64570	55841	19.97
1712.5	47633	65031	56091	19.97
1725	47673	65492	56340	19.97
1737.5	47709	65938	56590	19.97
1750	47766	66384	56840	19.97
1762.5	47826	66843	57089	19.97
1775	47890	67313	57339	19.97
1787.5	47957	67761	57589	19.97
1800	48016	68210	57838	19.97
1812.5	48073	68657	58088	19.97
1825	48131	69103	58337	19.97
1837.5	48173	69550	58587	19.97
1850	48216	69997	58837	19.97
1875	48313	70890	59336	19.97
1900	48442	71782	59835	19.97
1925	48573	72674	60334	19.97
1950	48660	73566	60834	19.97
1975	48741	74457	61333	19.97
2000	48848	75349	61832	19.97
2025	48969	76241	62331	19.97
2050	49090	77133	62831	19.97
2075	49195	78025	63330	19.97
2100	49280	78917	63829	19.97
2125	49365	79809	64328	19.97
2150	49461	80701	64828	19.97
2175	49556	81593	65327	19.97
2200	49651	82485	65826	19.97
2225	49752	83377	66325	19.97
2250	49885	84269	66825	19.97
2275	49969	85160	67324	19.97
2300	50005	86052	67823	19.97
2325	50083	86943	68322	19.97
2350	50160	87834	68822	19.97
2375	50237	88724	69321	19.97
2400	50327	89614	69820	19.97
2425	50417	90505	70319	19.97
2450	50508	91395	70819	19.97
2475	50599	92285	71318	19.97
2500	50690	93176	71817	19.97
2525	50780	94066	72316	19.97
2550	50849	94956	72816	19.97
2575	50938	95847	73315	19.97
2600	51039	96745	73814	19.97
2625	51121	97651	74313	19.97
2650	51204	98556	74813	19.97
2675	51286	99461	75312	19.97
2700	51368	100366	75811	19.97
2725	51451	101271	76310	19.97
2750	51533	102177	76810	19.97
2775	51615	103082	77309	19.97
2800	51698	103987	77808	19.97
2825	51780	104892	78307	19.97
2850	51863	105797	78807	19.97
2875	51945	106703	79306	19.97
2900	52027	107608	79805	19.97
2925	52110	108513	80304	19.97
2950	52197	109418	80804	19.97
2975	52286	110323	81303	19.97
3000	52374	111229	81802	19.97
3025	52462	112134	82301	19.97
3050	52551	113039	82801	19.97
3075	52639	113944	83300	19.97
3100	52727	114849	83799	19.97
3125	52815	115755	84298	19.97
3150	52904	116660	84798	19.97
3175	52992	117565	85297	19.97
3200	53080	118470	85796	19.97
3225	53169	119375	86295	19.97
3250	53257	120281	86795	19.97
3275	53345	121186	87294	19.97
3300	53433	122091	87793	19.97
3312.5	53478	122544	88043	19.97
3325	53522	122996	88292	19.97
3337.5	53566	123449	88542	19.97
3350	53610	123901	88792	19.97
3362.5	53654	124354	89041	19.97
3375	53698	124807	89291	19.97
3387.5	53742	125259	89541	19.97
3400	53787	125712	89790	19.97
3412.5	53831	126164	90040	19.97
3425	53875	126617	90289	19.97
3437.5	53919	127070	90539	19.97
3450	53963	127522	90789	19.97
3462.5	54007	127975	91038	19.97
3475	54051	128427	91288	19.97
3487.5	54096	128880	91538	19.97
3500	54140	129333	91787	19.97
3525	54228	130238	92286	19.97
3550	54316	131143	92786	19.97
3575	54405	132048	93285	19.97
3600	54493	132953	93784	19.97
3625	54581	133859	94283	19.97
3650	54669	134764	94783	19.97
3775	55111	139290	97279	19.97
3800	55199	140195	97778	19.97
3825	55287	141100	98277	19.97
3850	55376	142005	98777	19.97
3875	55464	142911	99276	19.97
3900	55552	143816	99775	19.97
3925	55641	144721	100274	19.97
3950	55729	145626	100774	19.97
3975	55817	146531	101273	19.97
4000	55905	147437	101772	19.97
4025	55994	148342	102271	19.97
4050	56082	149247	102771	19.97
4075	56170	150152	103270	19.97
4100	56259	151057	103769	19.97
4125	56347	151963	104268	19.97
4150	56435	152868	104768	19.97
4175	56523	153773	105267	19.97
4200	56612	154678	105766	19.97
4225	56700	155583	106265	19.97
4250	56788	156489	106765	19.97
4275	56877	157394	107264	19.97
4300	56965	158299	107763	19.97
4325	57053	159204	108262	19.97
4350	57141	160109	108762	NA
