"depth"	"constant"	"bad.extra"	"good.extra"	"best.extra"	"stars"
1	0	1	1	1	3
2	0	1	1	1	3
3	0	1	1	1	3
4	0	1	1	1	3
5	0	1	1	1	3
6	0	1	1	1	3
7	0	1	1	1	3
8	0	1	1	1	3
9	0	1	1	1	3
10	0	1	1	1	3
11	0	1	1	1	3
12	0	1	1	1	3
13	0	1	1	1	3
14	0	1	1	1	3
15	0	1	1	1	3
16	0	1	1	1	3
17	0	1	1	1	3
18	0	1	1	1	3
19	0	1	1	1	3
20	1	1	1	1	4
21	1	1	1	1	4
22	1	1	1	1	4
23	1	1	1	1	4
24	1	1	1	1	4
25	1	1	1	1	4
26	1	1	1	1	4
27	1	1	1	1	4
28	1	1	1	1	4
29	1	1	1	1	4
30	1	1	1	1	4
31	1	1	1	1	4
32	1	1	1	1	4
33	1	1	1	1	4
34	1	1	1	1	4
35	1	1	1	1	4
36	1	1	1	1	4
37	1	1	1	1	4
38	1	1	1	1	4
39	1	1	1	1	4
40	1	1	1	1	4
41	1	1	1	1	4
42	1	1	1	1	4
43	1	1	1	1	4
44	1	1	1	1	4
45	1	1	1	1	4
46	1	1	1	1	4
47	1	1	1	1	4
48	1	1	1	1	4
49	1	1	1	1	4
50	1	1	1	1	4
51	1	1	1	1	4
52	1	1	1	1	4
53	1	1	1	1	4
54	1	1	1	1	4
55	1	1	1	1	4
56	1	1	1	1	4
57	1	1	1	1	4
58	1	1	1	1	4
59	1	1	1	1	4
60	1	1	1	1	4
61	1	1	1	1	4
62	1	1	1	1	4
63	1	1	1	1	4
64	1	1	1	1	4
65	1	1	1	1	4
66	1	1	1	1	4
67	1	1	1	1	4
68	1	1	1	1	4
69	1	1	1	1	4
70	1	1	1	1	4
71	1	1	1	1	4
72	1	1	1	1	4
73	1	1	1	1	4
74	1	1	1	1	4
75	1	1	1	1	4
76	1	1	1	1	4
77	1	1	1	1	4
78	1	1	1	1	4
79	1	1	1	1	4
80	1	1	1	1	4
81	1	1	1	1	4
82	1	1	1	1	4
83	1	1	1	1	4
84	1	1	1	1	4
85	1	1	1	1	4
86	1	1	1	1	4
87	1	1	1	1	4
88	1	1	1	1	4
89	1	1	1	1	4
90	1	1	1	1	4
91	1	1	1	1	4
92	1	1	1	1	4
93	1	1	1	1	4
94	1	1	1	1	4
95	1	1	1	1	4
96	1	1	1	1	4
97	1	1	1	1	4
98	1	1	1	1	4
99	1	1	1	1	4
100	1	1	1	1	4
101	1	1	1	1	4
102	1	1	1	1	4
103	1	1	1	1	4
104	1	1	1	1	4
105	1	1	1	1	4
106	1	1	1	1	4
107	1	1	1	1	4
108	1	1	1	1	4
109	1	1	1	1	4
110	1	1	1	1	4
111	1	1	1	1	4
112	1	1	1	1	4
113	1	1	1	1	4
114	1	1	1	1	4
115	1	1	1	1	4
116	1	1	1	1	4
117	1	1	1	1	4
118	1	1	1	1	4
119	1	1	1	1	4
120	1	1	1	1	4
121	1	1	1	1	4
122	1	1	1	1	4
123	1	1	1	1	4
124	1	1	1	1	4
125	1	1	1	1	4
126	1	1	1	1	4
127	1	1	1	1	4
128	1	1	1	1	4
129	1	1	1	1	4
130	1	1	1	1	4
131	1	1	1	1	4
132	1	1	1	1	4
133	1	1	1	1	4
134	1	1	1	1	4
135	1	1	1	1	4
136	1	1	1	1	4
137	1	1	1	1	4
138	1	1	1	1	4
139	1	1	1	1	4
140	1	1	1	1	4
141	1	1	1	1	4
142	1	1	1	1	4
143	1	1	1	1	4
144	1	1	1	1	4
145	1	1	1	1	4
146	1	1	1	1	4
147	1	1	1	1	4
148	1	1	1	1	4
149	1	1	1	1	4
150	1	1	1	1	4
151	1	1	1	1	4
152	1	1	1	1	4
153	1	1	1	1	4
154	1	1	1	1	4
155	1	1	1	1	4
156	1	1	1	1	4
157	1	1	1	1	4
158	1	1	1	1	4
159	1	1	1	1	4
160	1	1	1	1	4
161	1	1	1	1	4
162	1	1	1	1	4
163	1	1	1	1	4
164	1	1	1	1	4
165	1	1	1	1	4
166	1	1	1	1	4
167	1	1	1	1	4
168	1	1	1	1	4
169	1	1	1	1	4
170	1	1	1	1	4
171	1	1	1	1	4
172	1	1	1	1	4
173	1	1	1	1	4
174	1	1	1	1	4
175	1	1	1	1	4
176	1	1	1	1	4
177	1	1	1	1	4
178	1	1	1	1	4
179	1	1	1	1	4
180	1	1	1	1	4
181	1	1	1	1	4
182	1	1	1	1	4
183	1	1	1	1	4
184	1	1	1	1	4
185	1	1	1	1	4
186	1	1	1	1	4
187	1	1	1	1	4
188	1	1	1	1	4
189	1	1	1	1	4
190	1	1	1	1	4
191	1	1	1	1	4
192	1	1	1	1	4
193	1	1	1	1	4
194	1	1	1	1	4
195	1	1	1	1	4
196	1	1	1	1	4
197	1	1	1	1	4
198	1	1	1	1	4
199	1	1	1	1	4
200	1	1	1	1	4
201	1	1	1	1	4
202	1	1	1	1	4
203	1	1	1	1	4
204	1	1	1	1	4
205	1	1	1	1	4
206	1	1	1	1	4
207	1	1	1	1	4
208	1	1	1	1	4
209	1	1	1	1	4
210	1	1	1	1	4
211	1	1	1	1	4
220	1	1	1	1	4
226	1	1	1	1	4
232	0	1	1	1	3
238	0	1	1	1	3
244	0	1	1	1	3
250	0	1	1	1	3
256	0	1	1	1	3
262	0	1	1	1	3
268	0	1	1	1	3
274	0	1	1	1	3
280	0	1	1	1	3
286	0	1	1	1	3
292	0	1	1	1	3
298	0	1	1	1	3
304	1	1	1	1	4
310	1	1	1	1	4
316	1	1	1	1	4
322	1	1	1	1	4
328	1	1	1	1	4
334	1	1	1	1	4
340	1	1	1	1	4
346	1	1	1	1	4
352	1	1	1	1	4
358	1	1	1	1	4
364	1	1	1	1	4
370	1	1	1	1	4
376	1	1	1	1	4
382	1	1	1	1	4
388	1	1	1	1	4
394	1	1	1	1	4
400	1	1	1	1	4
406	1	1	1	1	4
412	1	1	1	1	4
418	1	1	1	1	4
424	1	1	1	1	4
430	1	1	1	1	4
436	1	1	1	1	4
442	1	1	1	1	4
448	1	1	1	1	4
454	1	1	1	1	4
460	1	1	1	1	4
466	1	1	1	1	4
472	1	1	1	1	4
478	1	1	1	1	4
484	1	1	1	1	4
490	1	1	1	1	4
496	1	1	1	1	4
502	1	1	1	1	4
508	1	1	1	1	4
514	1	1	1	1	4
520	1	1	1	1	4
526	1	1	1	1	4
532	1	1	1	1	4
538	1	1	1	1	4
544	1	1	1	1	4
550	1	1	1	1	4
556	1	1	1	1	4
562	1	1	1	1	4
568	1	1	1	1	4
574	1	1	1	1	4
580	1	1	1	1	4
586	1	1	1	1	4
592	1	1	1	1	4
598	1	1	1	1	4
604	1	1	1	1	4
610	1	1	1	1	4
616	1	1	1	1	4
622	1	1	1	1	4
628	1	1	1	1	4
634	1	1	1	1	4
640	1	1	1	1	4
646	1	1	1	1	4
652	1	1	1	1	4
658	1	1	1	1	4
664	1	1	1	1	4
670	1	1	1	1	4
676	1	1	1	1	4
682	1	1	1	1	4
688	1	1	1	1	4
694	1	1	1	1	4
700	1	1	1	1	4
706	1	1	1	1	4
712	1	1	1	1	4
718	1	1	1	1	4
724	1	1	1	1	4
730	1	1	1	1	4
736	1	1	1	1	4
742	1	1	1	1	4
748	1	1	1	1	4
754	1	1	1	1	4
760	1	1	1	1	4
766	1	1	1	1	4
772	1	1	1	1	4
778	1	1	1	1	4
784	1	1	1	1	4
790	1	1	1	0	3
796	1	1	1	0	3
802	1	1	1	0	3
808	1	1	1	1	4
814	1	1	1	1	4
820	1	1	1	1	4
826	1	1	1	1	4
832	1	1	1	1	4
838	1	1	1	1	4
844	1	1	1	1	4
850	1	1	1	1	4
856	1	1	1	1	4
862	1	1	1	1	4
868	1	1	1	1	4
874	1	1	1	1	4
880	1	1	1	1	4
886	1	1	1	1	4
892	1	1	1	1	4
898	1	1	1	1	4
904	1	1	1	1	4
910	1	1	1	1	4
916	1	1	1	1	4
922	1	1	1	1	4
928	1	1	1	1	4
934	1	1	1	1	4
940	1	1	1	1	4
946	1	1	1	1	4
952	1	1	1	1	4
958	1	1	1	1	4
964	1	1	1	1	4
970	1	1	1	1	4
976	1	1	1	1	4
982	1	1	1	1	4
988	1	1	1	1	4
994	1	1	1	1	4
1000	0	1	1	1	3
1006	0	1	1	1	3
1012	0	1	1	1	3
1018	0	1	1	1	3
1024	0	1	1	1	3
1030	0	1	1	1	3
1036	0	1	1	1	3
1042	0	1	1	1	3
1048	0	1	1	1	3
1054	0	1	1	1	3
1060	0	1	1	1	3
1066	0	1	1	1	3
1072	0	1	1	1	3
1078	0	1	1	1	3
1084	0	1	1	1	3
1090	0	1	1	1	3
1096	0	1	1	1	3
1102	0	1	1	1	3
1108	0	1	1	1	3
1114	0	1	1	1	3
1120	0	1	1	1	3
1126	0	1	1	1	3
1132	1	1	1	1	4
1138	1	1	1	1	4
1144	1	1	1	1	4
1150	1	1	1	0	3
1156	1	1	1	0	3
1162	1	1	0	0	2
1168	1	1	1	1	4
1174	1	1	1	1	4
1180	1	1	1	1	4
1186	1	1	1	1	4
1192	1	1	1	1	4
1198	1	1	1	1	4
1204	1	1	1	1	4
1210	1	1	1	1	4
1216	1	1	1	1	4
1222	1	1	1	1	4
1228	1	1	1	1	4
1234	1	1	1	1	4
1240	1	1	1	1	4
1246	1	1	1	1	4
