depth	min95%	max95%	best	acc.rate
44	-3016	-646	-2334	51.26
165	2424	3396	3184	8.37
257	3238	4132	3494	39.35
367	8869	10769	9656	54.86
487	24620	27043	26022	51.62
617	24932	27251	25604	0.23
737	26720	27868	27416	13.93
857	26322	28582	27162	-12.43
977	27985	28925	28367	26.52
1095	30085	31832	31183	5.31
1217	28557	31455	30019	3.2
1336	30541	32867	31801	22.24
1457	33320	34775	34225	13.4
1577	34353	35793	35068	2.66
1696	34714	36240	35366	4.42
1817	35372	37101	36244	8.84
1937	35973	38247	37185	5.53
2057	36335	38420	37391	-1.67
2177	35893	38189	36957	-4.87
2297	35261	37651	36402	-3.43
2417	35294	37655	36380	4.17
2537	36594	39064	37645	17.94
2668	39241	41755	40521	22.23
2777	40692	43556	42350	8.6
2895	40180	43144	41846	-15.45
3017	38368	41389	39656	-15.67
3140	38183	40976	39190	12.89
3262	40483	43380	42042	26.42
3377	42072	45031	43834	-1.34
3494	41728	44229	42621	-10.45
3617	41570	44351	42827	11.64
3738	42777	46345	44563	13.62
3857	43674	48317	45845	8.35
3977	44251	49366	46669	5.84
4100	45113	49475	47358	5.28
4217	45708	49675	47859	2.88
4339	45650	50085	47980	-0.88
4457	45520	49775	47679	-4.21
4577	45113	49295	47037	-5.65
4695	44111	49327	46531	-2.66
4817	43985	48896	46357	-0.44
4937	43682	49372	46357	0.2
5057	41692	51609	46381	0.2
5177	39239	53999	46405	0.2
5296	36810	56442	46429	0.2
5417	34373	59088	46453	0.2
5537	31898	61739	46477	0.2
5657	29342	64275	46501	0.2
5777	26851	66815	46525	0.2
5896	24427	69334	46548	0.2
6017	21855	72012	46572	0.2
6077	20581	73372	46584	0.2
6137	19308	74731	46596	0.2
6197	18035	76091	46608	0.2
6257	16764	77451	46620	0.2
6317	15493	78811	46632	0.2
6377	14223	80170	46644	0.2
6440	12889	81598	46657	0.2
6500	11618	82944	46669	0.2
6557	10411	84205	46680	0.2
6617	9141	85532	46692	0.2
6677	7870	86860	46704	0.2
6736	6621	88165	46716	0.2
6796	5350	89490	46728	0.2
6867	3847	91058	46742	0.2
6927	2576	92383	46754	0.2
6987	1306	93708	46766	0.2
7040	184	94879	46776	0.2
7100	-1092	96204	46788	0.2
7154	-2250	97396	46799	0.2
7208	-3408	98589	46810	0.2
7287	-5103	100334	46826	0.2
7331	-6035	101305	46834	0.2
7391	-7276	102620	46846	0.2
7434	-8165	103560	46855	0.2
7527	-10138	105593	46874	0.2
7587	-11411	106905	46885	0.2
7636	-12451	107976	46895	0.2
7696	-13744	109288	46907	0.2
7747	-14845	110403	46917	0.2
7827	-16572	112152	46933	0.2
7877	-17652	113245	46943	0.2
7940	-19013	114622	46956	0.2
7971	-19682	115300	46962	0.2
8001	-20330	115956	46968	0.2
8030	-20956	116590	46974	0.2
8052	-21431	117071	46978	0.2
8096	-22381	118033	46987	0.2
8127	-23051	118711	46993	0.2
8157	-23698	119366	46999	0.2
8187	-24346	120022	47005	0.2
8215	-24951	120635	47011	0.2
8242	-25534	121225	47016	0.2
8272	-26182	121881	47022	0.2
8302	-26830	122537	47028	0.2
8367	-28233	123958	47041	0.2
8397	-28881	124614	47047	0.2
8427	-29529	125269	47053	0.2
8452	-30069	125816	47058	0.2
8477	-30609	126363	47063	0.2
8510	-31321	127084	47070	0.2
8547	-32120	127893	47077	0.2
8667	-34711	130517	47101	0.2
8697	-35359	131172	47107	0.2
8727	-36007	131828	47113	0.2
8752	-36547	132375	47118	0.2
8757	-36655	132484	47119	0.2
8762	-36763	132594	47120	0.2
8767	-36871	132703	47121	0.2
8772	-36979	132812	47122	0.2
8777	-37087	132921	47123	0.2
8782	-37195	133031	47124	0.2
8787	-37303	133140	47125	0.2
8810	-37799	133643	47129	0.2
8850	-38663	134517	47137	0.2
8879	-39289	135152	47143	0.2
8907	-39894	135764	47149	0.2
8937	-40542	136420	47155	0.2
8967	-41190	137075	47161	0.2
8997	-41837	137731	47167	0.2
9027	-42485	138387	47173	0.2
9057	-43133	139043	47179	0.2
9087	-43781	139699	47185	0.2
9117	-44429	140355	47191	0.2
9147	-45076	141011	47197	0.2
9177	-45721	141667	47203	0.2
9207	-46366	142323	47208	0.2
9227	-46796	142760	47212	0.2
9271	-47742	143722	47221	0.2
9299	-48344	144334	47227	0.2
9327	-48946	144946	47232	0.2
9352	-49483	145493	47237	0.2
9377	-50020	146039	47242	0.2
9411	-50751	146783	47249	0.2
9446	-51504	147548	47256	0.2
9567	-54105	150193	47280	0.2
9597	-54750	150849	47286	0.2
9627	-55395	151505	47292	0.2
9657	-56040	152161	47298	0.2
9687	-56684	152817	47304	0.2
9725	-57501	153648	47312	0.2
9785	-58791	154959	47324	0.2
9824	-59630	155812	47332	0.2
9927	-61844	158064	47352	0.2
9987	-63134	159375	47364	0.2
10021	-63864	160118	47371	0.2
10055	-64595	160860	47378	0.2
10053	-64552	160817	47377	0.2
10357	-71087	167459	47438	0.2
10407	-72162	168551	47448	0.2
10467	-73452	169862	47460	0.2
10508	-74334	170758	47468	0.2
10568	-75623	172069	47480	0.2
10628	-76913	173380	47492	0.2
10618	-76698	173161	47490	0.2
10707	-78611	175106	47508	0.2
10767	-79901	176417	47520	0.2
10812	-80869	177400	47529	0.2
10872	-82158	178711	47540	0.2
10932	-83448	180022	47552	0.2
10927	-83341	179913	47551	0.2
10963	-84115	180699	47559	0.2
10982	-84523	181115	47562	0.2
10998	-84867	181464	47566	0.2
11007	-85060	181661	47567	0.2
11022	-85383	181988	47570	0.2
11037	-85705	182316	47573	0.2
11067	-86350	182972	47579	0.2
11112	-87318	183955	47588	0.2
11172	-88607	185266	47600	0.2
11232	-89897	186577	47612	0.2
11227	-89790	186468	47611	0.2
11262	-90542	187232	47618	0.2
11304	-91445	188150	47627	0.2
11364	-92735	189461	47639	0.2
11408	-93681	190422	47647	0.2
11468	-94971	191733	47659	0.2
11513	-95938	192716	47668	0.2
11607	-97959	194770	47687	0.2
11711	-100194	197043	47708	0.2
11759	-101226	198091	47717	0.2
11819	-102516	199402	47729	0.2
11857	-103333	200233	47737	0.2
11917	-104623	201543	47749	NA
