depth	min95%	max95%	best	acc.rate
0	-1074	581	-474	5.06
10	-1015	619	-424	5.06
20	-955	657	-373	5.06
30	-896	693	-322	5.06
40	-837	730	-272	5.06
50	-778	767	-221	5.06
60	-718	803	-170	5.06
70	-658	841	-120	5.06
80	-598	879	-69	5.06
90	-538	917	-18	5.06
100	-479	954	32	5.06
110	-420	991	83	5.06
120	-361	1028	133	5.06
130	-303	1065	184	5.06
140	-243	1102	235	5.06
150	-185	1139	285	5.06
160	-127	1176	336	5.06
170	-69	1213	387	5.06
180	-10	1250	437	5.06
190	49	1288	488	5.06
200	108	1325	539	5.06
210	167	1362	589	5.06
220	226	1399	640	5.06
230	284	1436	690	5.06
240	343	1474	741	5.06
250	401	1511	792	5.06
260	460	1548	842	5.06
270	517	1587	893	5.06
280	574	1626	944	5.06
290	631	1664	994	5.06
300	690	1703	1045	5.06
310	750	1740	1096	5.06
320	809	1778	1146	5.06
330	867	1816	1197	5.06
340	926	1851	1248	5.06
350	985	1889	1298	5.06
360	1043	1925	1349	5.06
370	1100	1959	1399	5.06
380	1159	1996	1450	5.06
390	1218	2034	1501	5.06
400	1277	2074	1551	5.06
410	1336	2112	1602	5.06
420	1394	2148	1653	5.06
430	1452	2185	1703	5.06
440	1507	2221	1754	5.06
450	1564	2258	1805	5.06
460	1623	2294	1855	5.06
470	1683	2329	1906	5.06
480	1740	2365	1956	5.06
490	1796	2401	2007	5.06
500	1855	2437	2058	5.06
510	1910	2474	2108	5.05
520	1965	2511	2159	5.04
530	2021	2547	2209	5.03
540	2076	2584	2259	5.02
550	2129	2621	2309	5
560	2180	2657	2359	4.99
570	2235	2693	2409	4.97
580	2290	2736	2459	4.95
590	2346	2773	2508	4.93
600	2398	2815	2557	4.91
610	2450	2854	2606	4.88
620	2504	2891	2655	4.86
630	2556	2926	2703	4.83
640	2606	2966	2752	4.8
650	2658	3004	2799	4.77
660	2705	3041	2847	4.73
670	2752	3079	2894	4.7
680	2801	3117	2941	4.66
690	2849	3160	2987	4.62
700	2898	3198	3033	4.58
710	2946	3236	3079	4.54
720	2993	3277	3124	4.49
730	3039	3318	3169	4.45
740	3085	3362	3213	4.4
750	3130	3404	3257	4.35
760	3176	3443	3300	4.29
770	3220	3483	3343	4.24
780	3263	3526	3385	4.19
790	3302	3569	3427	4.13
800	3341	3611	3468	4.07
810	3379	3653	3508	4.01
820	3416	3690	3548	3.95
830	3454	3731	3587	3.88
840	3493	3773	3625	3.81
850	3527	3815	3663	3.75
860	3563	3851	3700	3.67
870	3597	3891	3737	3.6
880	3627	3927	3772	3.52
890	3657	3964	3807	3.44
900	3685	3998	3841	3.36
910	3716	4033	3875	3.27
920	3743	4068	3907	3.19
930	3772	4104	3938	3.1
940	3799	4137	3969	3
950	3825	4168	3999	2.91
960	3852	4198	4027	2.81
970	3878	4229	4055	2.71
980	3900	4258	4082	2.61
990	3921	4284	4107	2.51
1000	3943	4312	4132	2.41
1010	3965	4339	4156	2.32
1020	3985	4365	4178	2.23
1030	4003	4390	4200	2.14
1040	4021	4414	4221	2.05
1050	4038	4434	4241	1.97
1060	4051	4454	4261	1.89
1070	4066	4478	4279	1.81
1080	4079	4499	4297	1.73
1090	4093	4516	4314	1.66
1100	4106	4535	4330	1.59
1110	4118	4550	4346	1.53
1120	4129	4569	4361	1.46
1130	4140	4584	4375	1.4
1140	4154	4601	4389	1.34
1150	4166	4618	4402	1.29
1160	4178	4632	4415	1.23
1170	4190	4644	4427	1.18
1180	4199	4656	4438	1.13
1190	4209	4668	4450	1.09
1200	4220	4680	4460	1.05
1210	4230	4693	4471	1.01
1220	4239	4703	4480	0.97
1230	4247	4715	4490	0.94
1240	4254	4731	4499	0.91
1250	4262	4746	4508	0.88
1260	4269	4758	4517	0.85
1270	4278	4768	4525	0.83
1280	4284	4776	4534	0.81
1290	4291	4788	4542	0.79
1300	4299	4803	4549	0.78
1310	4304	4818	4557	0.77
1320	4310	4833	4565	0.77
1330	4316	4842	4573	0.77
1340	4326	4857	4580	0.77
1350	4332	4872	4588	0.77
1360	4341	4887	4596	0.78
1370	4350	4902	4604	0.8
1380	4359	4918	4612	0.81
1390	4369	4933	4620	0.83
1400	4378	4947	4628	0.86
1410	4386	4961	4637	0.88
1420	4395	4974	4646	0.92
1430	4404	4987	4655	0.95
1440	4414	5001	4665	0.99
1450	4425	5015	4675	1.03
1460	4435	5028	4686	1.08
1470	4446	5043	4697	1.12
1480	4458	5058	4708	1.18
1490	4472	5074	4720	1.23
1500	4486	5089	4733	1.29
1510	4502	5103	4746	1.36
1520	4518	5117	4760	1.43
1530	4536	5131	4774	1.5
1540	4554	5148	4790	1.57
1550	4574	5168	4806	1.65
1560	4594	5185	4822	1.73
1570	4617	5203	4840	1.82
1580	4641	5223	4859	1.9
1590	4664	5241	4878	2
1600	4688	5259	4899	2.09
1610	4713	5280	4920	2.19
1620	4742	5299	4942	2.3
1630	4770	5318	4966	2.4
1640	4797	5340	4990	2.51
1650	4827	5362	5016	2.63
1660	4856	5383	5043	2.75
1670	4883	5405	5071	2.87
1680	4911	5430	5100	2.99
1690	4936	5454	5131	3.11
1700	4967	5479	5162	3.21
1710	4997	5503	5195	3.32
1720	5025	5529	5228	3.41
1730	5057	5555	5263	3.5
1740	5086	5582	5298	3.58
1750	5119	5608	5334	3.65
1760	5153	5636	5371	3.72
1770	5186	5663	5408	3.78
1780	5213	5692	5447	3.83
1790	5235	5721	5485	3.88
1800	5260	5751	5524	3.92
1810	5282	5780	5563	3.95
1820	5303	5812	5603	3.98
1830	5323	5838	5643	3.99
1840	5343	5869	5683	4.01
1850	5363	5899	5723	4.01
1860	5388	5937	5763	NA
